# ../merge-hist.pl highlumi_cam_r0.4_iseq01 highlumi_cam_r0.4_iseq02 highlumi_cam_r0.4_iseq03 highlumi_cam_r0.4_iseq04 highlumi_cam_r0.4_iseq05
# nev = 250000
0 2.5 5 0.0002848 0.0044816 0.05166 0.1838768 0.0002848 0.0044816 0.0610864 0.1838768 0 0.0028976 0.0019832 0.1842456 0 0.0028976 0.029704 0.1842608
5 7.5 10 5.68e-05 0 0.0468864 4e-05 6.64e-05 0 0.0431976 8.8e-05 0 0 0.0166992 0 0 0 0.0366824 0.0001184
10 12.5 15 0.0003184 0 0.0238472 0.0003512 0.0003616 0 0.0218624 0.00046 1.6e-05 0 0.0278656 4e-06 6.8e-05 0 0.0266248 0.0002744
15 17.5 20 0.0008952 0 0.0146872 0.0006288 0.0009896 0 0.0136024 0.0007696 9.52e-05 0 0.0261552 2.88e-05 0.0003416 0 0.0177176 0.0004232
20 22.5 25 0.0015384 8e-07 0.01018 0.000808 0.0015936 1.6e-06 0.0093704 0.000908 0.0003136 0 0.020972 0.0001136 0.0008552 0 0.0122384 0.0004928
25 27.5 30 0.0020592 2.4e-06 0.0074136 0.000856 0.0021584 2.4e-06 0.0068824 0.000904 0.0007048 0 0.0159152 0.000212 0.0015392 1.6e-06 0.008872 0.000588
30 32.5 35 0.0024408 4.8e-06 0.00564 0.000832 0.0025208 7.2e-06 0.0052984 0.000852 0.001164 8e-07 0.0122568 0.000324 0.0020208 1.6e-06 0.0067088 0.0006144
35 37.5 40 0.0029456 8e-06 0.004332 0.0007584 0.0030488 8.8e-06 0.0039824 0.000748 0.001604 8e-07 0.0095072 0.000344 0.0025304 1.6e-06 0.0054408 0.0006048
40 42.5 45 0.0035264 1.92e-05 0.0034344 0.0007032 0.0036232 1.92e-05 0.0033208 0.0006552 0.0020312 1.6e-06 0.0074504 0.000428 0.0031584 8.8e-06 0.00434 0.0005344
45 47.5 50 0.004332 3.6e-05 0.002872 0.0006552 0.0046184 4.48e-05 0.002704 0.0006032 0.0023552 3.2e-06 0.0061432 0.0004752 0.0037616 2e-05 0.0035784 0.0005096
50 52.5 55 0.0053552 5.68e-05 0.0025064 0.0005656 0.00556 6.4e-05 0.0022744 0.0005496 0.0029672 8e-06 0.0050272 0.0004816 0.0045944 4.08e-05 0.0030664 0.000488
55 57.5 60 0.006696 8.32e-05 0.0020656 0.000512 0.0070424 0.0001024 0.001904 0.000488 0.0034944 1.44e-05 0.0043024 0.00048 0.0056848 5.92e-05 0.0025872 0.0004352
60 62.5 65 0.008412 0.0001448 0.0016832 0.0004176 0.0087592 0.0001592 0.0015928 0.0004224 0.0042448 3.2e-05 0.0035704 0.0004456 0.007004 0.0001112 0.0022216 0.0003936
65 67.5 70 0.0108688 0.0001728 0.0015048 0.0004304 0.0114984 0.0001848 0.0014352 0.0003968 0.0051888 5.6e-05 0.0029992 0.0004432 0.00884 0.000132 0.0019192 0.0003888
70 72.5 75 0.0149912 0.0002624 0.0013568 0.0003888 0.0158504 0.0002856 0.0012992 0.0003584 0.006344 7.52e-05 0.0026888 0.0004616 0.011728 0.0001968 0.0017424 0.0003512
75 77.5 80 0.0208408 0.0002984 0.0011856 0.000328 0.0212904 0.000328 0.0010992 0.0003248 0.0084704 9.6e-05 0.0023184 0.0003976 0.0147792 0.000244 0.0014976 0.0003048
80 82.5 85 0.0144968 0.0004712 0.0010864 0.0003464 0.012892 0.0005128 0.0010568 0.000312 0.0114592 0.0001312 0.0020248 0.0003944 0.0146904 0.0004064 0.0014144 0.0002928
85 87.5 90 0.0065256 0.000592 0.0009472 0.0002968 0.0057512 0.00062 0.0009376 0.000268 0.0129832 0.0001848 0.0018064 0.0004032 0.0106992 0.0005224 0.0011928 0.0002584
90 92.5 95 0.0041624 0.0007784 0.0008496 0.0002768 0.0039208 0.000864 0.0008008 0.0002472 0.0120416 0.0002464 0.001568 0.0003496 0.0072656 0.0006952 0.0011216 0.0002352
95 97.5 100 0.0033896 0.000996 0.0007904 0.0002712 0.0032496 0.0010816 0.0007616 0.0002568 0.0097128 0.0003448 0.001508 0.0003144 0.0051696 0.0008728 0.0009936 0.0002296
100 102.5 105 0.003076 0.001268 0.0006816 0.0002424 0.0030128 0.0013704 0.0007128 0.0002264 0.0072936 0.0004456 0.001332 0.0003032 0.0041064 0.0010632 0.0009552 0.000216
105 107.5 110 0.0027344 0.0015968 0.000652 0.0002312 0.0026872 0.0016688 0.0005736 0.0002272 0.0057112 0.0005904 0.0011496 0.0003344 0.003596 0.001332 0.0008528 0.0001928
110 112.5 115 0.0026504 0.001876 0.0005736 0.000224 0.0026856 0.0020672 0.0005384 0.000204 0.0045104 0.0007136 0.0010656 0.0002696 0.0031656 0.0016696 0.0007728 0.000172
115 117.5 120 0.002508 0.002336 0.000528 0.0002056 0.0023904 0.002492 0.0005192 0.0002008 0.0038304 0.0008688 0.0009456 0.000276 0.0029664 0.001976 0.0007568 0.000196
120 122.5 125 0.0023632 0.002852 0.0004744 0.0001904 0.00238 0.0030488 0.0004488 0.0001936 0.0035064 0.001084 0.0009496 0.0002216 0.0027912 0.0024072 0.0006552 0.0001864
125 127.5 130 0.0022032 0.0033808 0.000468 0.0001912 0.0021592 0.0035752 0.0004376 0.0001752 0.0030848 0.0013608 0.0008488 0.0002616 0.0025568 0.0028488 0.0006744 0.000176
130 132.5 135 0.0021432 0.0039896 0.0004096 0.0001736 0.0021544 0.0042536 0.0004136 0.000144 0.0028504 0.0016344 0.0007064 0.0002104 0.0024824 0.0034632 0.000576 0.0001456
135 137.5 140 0.0020088 0.0048344 0.000408 0.0001608 0.0019752 0.0051568 0.0003704 0.0001464 0.0026752 0.0019944 0.0006792 0.0002264 0.002268 0.0040704 0.0005616 0.00014
140 142.5 145 0.0020048 0.005896 0.0003632 0.0001472 0.0019824 0.0062008 0.0003616 0.0001616 0.0025248 0.0023296 0.0006968 0.0001856 0.0022216 0.0047032 0.000544 0.0001304
145 147.5 150 0.0018832 0.0065672 0.0003352 0.0001608 0.0018456 0.0069144 0.0003272 0.0001464 0.0024208 0.0027848 0.0006504 0.0001832 0.0021704 0.005536 0.0004888 0.0001352
150 152.5 155 0.0017912 0.0077224 0.0003224 0.0001224 0.0017656 0.0081544 0.0003176 0.0001128 0.0022328 0.003264 0.0006048 0.0002016 0.0019912 0.006436 0.0004592 9.92e-05
155 157.5 160 0.0016712 0.009244 0.0002816 0.0001408 0.0016504 0.0099048 0.0002856 0.0001184 0.00218 0.0038688 0.0005432 0.0001944 0.0019272 0.0077432 0.0004168 0.0001016
160 162.5 165 0.0016704 0.0110608 0.0002576 0.000112 0.0016704 0.0116352 0.000272 0.0001208 0.0020496 0.0043272 0.00054 0.0001656 0.0018424 0.008836 0.0003856 0.0001016
165 167.5 170 0.001576 0.0131472 0.000276 0.0001288 0.001564 0.0135264 0.0002456 0.0001088 0.0020064 0.005252 0.0004504 0.0001552 0.0018 0.0097728 0.0004 9.92e-05
170 172.5 175 0.0015536 0.0124272 0.0002664 0.0001032 0.0015568 0.011744 0.0002568 0.0001024 0.0019824 0.0062904 0.0004384 0.0001448 0.0016888 0.0100024 0.0003792 0.0001
175 177.5 180 0.0015344 0.0081016 0.0002584 8.8e-05 0.0015432 0.0068056 0.0002552 6.96e-05 0.0018336 0.0074184 0.0004368 0.000152 0.0016632 0.0090456 0.000372 9.12e-05
180 182.5 185 0.0014512 0.004744 0.0002352 8.64e-05 0.0014 0.0040752 0.0002216 8.96e-05 0.0017928 0.0083136 0.0003904 0.0001552 0.0016848 0.0072304 0.0003328 8.56e-05
185 187.5 190 0.0013848 0.0034392 0.0002256 0.0001096 0.0014008 0.0030728 0.0002312 9.2e-05 0.0016936 0.0083432 0.0003712 0.0001192 0.0015224 0.005556 0.0003176 7.76e-05
190 192.5 195 0.00136 0.0027768 0.0002056 6.96e-05 0.0013152 0.0025688 0.0001984 9.04e-05 0.0016768 0.0080424 0.0003552 0.0001248 0.0015192 0.0045464 0.0003256 8.64e-05
195 197.5 200 0.00128 0.0024624 0.0002016 7.68e-05 0.001272 0.002328 0.0002104 6.8e-05 0.0015896 0.0073248 0.0003288 0.0001152 0.00138 0.0035608 0.0003072 6.96e-05
200 202.5 205 0.0012544 0.0022336 0.0001792 7.76e-05 0.0012592 0.0021776 0.0001792 8.32e-05 0.001472 0.0063336 0.0003288 0.0001184 0.0013944 0.0030816 0.000316 7.28e-05
205 207.5 210 0.0011696 0.0021048 0.0001808 8.08e-05 0.0011648 0.001972 0.0001808 8.8e-05 0.001536 0.005452 0.000308 0.0001024 0.0013544 0.0027792 0.0003032 6.24e-05
210 212.5 215 0.0011504 0.0018808 0.0001752 7.44e-05 0.0011112 0.001824 0.0001672 6.32e-05 0.0013928 0.0046944 0.0002992 9.68e-05 0.0012648 0.0025512 0.0003 6.48e-05
215 217.5 220 0.0011424 0.0017664 0.0001416 6.72e-05 0.001156 0.0018152 0.0001552 7.28e-05 0.0013744 0.0040128 0.00026 9.2e-05 0.0012008 0.002296 0.0002664 6.96e-05
220 222.5 225 0.0011016 0.001772 0.0001672 6.72e-05 0.0010656 0.0017264 0.0001528 6.24e-05 0.0013056 0.0034632 0.0002752 8.32e-05 0.001212 0.0021408 0.0002656 6.8e-05
225 227.5 230 0.0010216 0.0016784 0.000148 5.68e-05 0.0010744 0.0016248 0.000148 5.2e-05 0.0013224 0.0030944 0.000236 0.0001008 0.0010968 0.00202 0.0002408 5.28e-05
230 232.5 235 0.0011144 0.0016192 0.0001496 5.28e-05 0.0010376 0.0016112 0.0001592 4.4e-05 0.0012152 0.0027704 0.0002432 9.04e-05 0.001128 0.0019904 0.0002416 4.56e-05
235 237.5 240 0.000972 0.0015696 0.0001208 5.44e-05 0.000992 0.0015688 0.0001408 6.16e-05 0.0011856 0.0025568 0.0002216 7.92e-05 0.0010696 0.0018608 0.000236 5.6e-05
240 242.5 245 0.0009784 0.001596 0.000136 6.64e-05 0.0009672 0.0015464 0.0001512 5.44e-05 0.0012048 0.0023784 0.0002328 8.96e-05 0.0010768 0.0018088 0.0002384 5.52e-05
245 247.5 250 0.0009328 0.0014864 0.0001296 5.12e-05 0.0009528 0.0014784 0.0001136 4.4e-05 0.0011696 0.0022328 0.0002312 7.84e-05 0.0010032 0.0016656 0.0002152 5.68e-05
250 252.5 255 0.0009448 0.0014304 0.0001232 4.96e-05 0.0009016 0.0013736 0.000116 4.4e-05 0.0011144 0.0020864 0.000204 5.6e-05 0.0009656 0.0015912 0.0002048 4.16e-05
255 257.5 260 0.00088 0.0013664 0.000136 5.04e-05 0.0008616 0.0013568 0.000136 5.2e-05 0.0010552 0.0019664 0.0002144 6.8e-05 0.0009576 0.0015832 0.0002208 4.32e-05
260 262.5 265 0.0008232 0.0013416 0.0001104 4.32e-05 0.0008224 0.0013536 0.0001152 3.84e-05 0.0010552 0.0019328 0.0001872 6.64e-05 0.0009256 0.0015304 0.0001968 4.24e-05
265 267.5 270 0.0008336 0.0013168 0.000124 5.2e-05 0.00084 0.0012952 0.0001136 5.04e-05 0.001008 0.0017952 0.0001888 5.52e-05 0.0008704 0.0014808 0.0002072 4.16e-05
270 272.5 275 0.0008184 0.0012632 0.0001224 3.84e-05 0.0007904 0.0012592 0.0001144 4.24e-05 0.000956 0.0017256 0.0001792 5.92e-05 0.0008896 0.0013728 0.0001984 4.8e-05
275 277.5 280 0.0007544 0.001212 0.0001016 4.56e-05 0.0007312 0.0012088 0.0001128 4e-05 0.0009408 0.0016392 0.0001768 6.16e-05 0.0008232 0.0014064 0.0001592 4.16e-05
280 282.5 285 0.0007624 0.0012 0.0001008 4.08e-05 0.0007544 0.0011336 0.0001 3.44e-05 0.0009056 0.0015584 0.0001704 6.8e-05 0.0007944 0.0013488 0.0001816 3.84e-05
285 287.5 290 0.0006832 0.0011792 0.0001072 3.52e-05 0.000696 0.0011752 9.6e-05 3.52e-05 0.000876 0.0014856 0.000172 6.4e-05 0.000796 0.0012616 0.0001736 3.84e-05
290 292.5 295 0.0007008 0.0011224 9.2e-05 4.08e-05 0.0006984 0.0011128 0.0001112 4.16e-05 0.0008056 0.0014816 0.0001632 5.6e-05 0.0007576 0.0012392 0.000176 4e-05
295 297.5 300 0.0006864 0.001048 0.0001008 2.72e-05 0.0006616 0.0009864 0.000112 3.6e-05 0.0008336 0.0014256 0.0001472 5.44e-05 0.0007336 0.0012176 0.0001768 4.32e-05
300 302.5 305 0.0006832 0.0009856 8.56e-05 3.12e-05 0.0006624 0.0009904 8.8e-05 3.12e-05 0.0008608 0.0013728 0.0001648 4.96e-05 0.0006872 0.0011584 0.0001592 3.52e-05
305 307.5 310 0.0006616 0.0010624 9.44e-05 3.76e-05 0.0006472 0.0010344 9.44e-05 3.28e-05 0.0007928 0.0013112 0.0001312 5.76e-05 0.0007048 0.001132 0.0001648 4.8e-05
310 312.5 315 0.0005976 0.0009944 8.4e-05 3.84e-05 0.0006184 0.0009912 7.84e-05 3.44e-05 0.0007752 0.0012936 0.0001256 5.2e-05 0.000692 0.0011032 0.0001568 3.92e-05
315 317.5 320 0.0005992 0.0009416 8.16e-05 3.52e-05 0.00058 0.0009656 7.12e-05 4.08e-05 0.00074 0.0012808 0.0001304 4.64e-05 0.0006168 0.0010776 0.000128 3.84e-05
320 322.5 325 0.0005832 0.0009856 7.12e-05 3.68e-05 0.0005816 0.000932 6.72e-05 2.96e-05 0.000708 0.0011872 0.000136 4.64e-05 0.0006408 0.0010512 0.0001368 3.92e-05
325 327.5 330 0.0005432 0.0008696 7.2e-05 2.96e-05 0.0005328 0.0008984 7.84e-05 3.52e-05 0.0006992 0.0011888 0.0001136 5.04e-05 0.0005864 0.001064 0.0001576 4.16e-05
330 332.5 335 0.0005496 0.0009256 7.28e-05 2.88e-05 0.0005424 0.0009152 6.88e-05 3.36e-05 0.0006768 0.001116 0.0001232 4.16e-05 0.0005944 0.0010296 0.0001472 3.28e-05
335 337.5 340 0.0005192 0.0008768 7.04e-05 3.92e-05 0.0005456 0.0008456 7.68e-05 3.44e-05 0.0006536 0.0011488 0.0001296 5.12e-05 0.0005864 0.0009896 0.0001424 3.6e-05
340 342.5 345 0.0005656 0.0008632 6.4e-05 3.68e-05 0.0005312 0.0008648 6.64e-05 2.8e-05 0.0006384 0.001096 0.000108 3.68e-05 0.0005424 0.000888 0.0001424 3.68e-05
345 347.5 350 0.000496 0.0008144 6.16e-05 2.24e-05 0.000504 0.000768 6.64e-05 2.56e-05 0.0006216 0.0010304 0.000108 5.68e-05 0.0005344 0.0009208 0.000116 4.08e-05
350 352.5 355 0.0004792 0.0007656 8e-05 3.76e-05 0.000476 0.0007552 7.92e-05 3.28e-05 0.0005968 0.001052 0.0001136 4.8e-05 0.0005248 0.00088 0.0001336 2.8e-05
355 357.5 360 0.0004696 0.0007712 6.32e-05 2.88e-05 0.0004648 0.0007744 6.4e-05 3.52e-05 0.00058 0.001056 0.000104 3.76e-05 0.00052 0.0008456 0.0001104 3.04e-05
360 362.5 365 0.000468 0.000796 6.08e-05 2.56e-05 0.0005024 0.0008088 6.56e-05 2.64e-05 0.0006 0.0010136 8.96e-05 4.4e-05 0.0005152 0.0008744 0.0001176 2.64e-05
365 367.5 370 0.0005032 0.0007936 5.36e-05 2.88e-05 0.0004688 0.0007776 5.44e-05 1.92e-05 0.000552 0.000956 8.64e-05 4.32e-05 0.000496 0.000836 0.0001136 2.8e-05
370 372.5 375 0.000424 0.0007048 5.52e-05 2.32e-05 0.0004424 0.0006968 5.52e-05 2.24e-05 0.0005672 0.0009152 0.000112 4.24e-05 0.0004728 0.0008176 0.0001088 2.8e-05
375 377.5 380 0.0004496 0.0007128 6.88e-05 2.48e-05 0.0004408 0.0007384 7.04e-05 1.92e-05 0.0005192 0.0009168 6.8e-05 3.6e-05 0.0004872 0.0007688 0.0001024 2.96e-05
380 382.5 385 0.0004144 0.000732 5.28e-05 2.32e-05 0.0004008 0.0006936 5.6e-05 3.44e-05 0.0005448 0.0008816 8.72e-05 3.76e-05 0.0004344 0.0007784 0.0001184 2.4e-05
385 387.5 390 0.0003776 0.0006784 4.96e-05 2.56e-05 0.0003648 0.0006616 6.24e-05 2.08e-05 0.0004944 0.0008584 8.08e-05 3.6e-05 0.0004312 0.0007456 0.0001072 2.4e-05
390 392.5 395 0.0003888 0.0006688 5.76e-05 1.52e-05 0.0003704 0.0006872 6.4e-05 2.4e-05 0.0004832 0.000836 9.92e-05 2.96e-05 0.000368 0.00072 0.000116 2.24e-05
395 397.5 400 0.0003536 0.0006632 6.16e-05 2.24e-05 0.0003664 0.0006376 6.4e-05 1.92e-05 0.0004608 0.0008696 9.6e-05 3.04e-05 0.000348 0.0007352 0.0001208 2.72e-05
