# ../merge-hist.pl highlumi_kt_r0.9_iseq01 highlumi_kt_r0.9_iseq02 highlumi_kt_r0.9_iseq03 highlumi_kt_r0.9_iseq04 highlumi_kt_r0.9_iseq05
# nev = 250000
0 2.5 5 0.00058 0.0137064 0.001528 0.032816 0.000612 0.0137064 0.0016104 0.0328168 0 0.010284 0.0039736 0.0469944 1.6e-06 0.010284 0.0039856 0.0469944
5 7.5 10 0 0 0 0 0.0001528 8e-07 0.0001944 1.6e-06 0 0 0 0 4.8e-06 0 4e-05 0
10 12.5 15 1.6e-05 0 2.4e-06 0 0.0003432 8e-07 0.0002824 0 0 0 0 0 8e-06 0 9.12e-05 0
15 17.5 20 6.32e-05 0 2.64e-05 0 0.000628 1.6e-06 0.0004704 2.4e-06 0 0 0 0 2.4e-05 0 0.0001304 8e-07
20 22.5 25 0.0001416 0 9.44e-05 0 0.0009232 4.8e-06 0.0007448 4e-06 0 0 0 0 5.28e-05 0 0.0001552 0
25 27.5 30 0.0002976 0 0.0002312 0 0.0012712 6.4e-06 0.0011264 7.2e-06 0 0 0 0 0.0001408 0 0.000212 2.4e-06
30 32.5 35 0.0004512 0 0.0004032 0 0.0018112 8.8e-06 0.0016248 9.6e-06 0 0 0 0 0.000248 8e-07 0.000288 0
35 37.5 40 0.0006416 8e-07 0.0006088 0 0.0021856 1.28e-05 0.0019632 9.6e-06 1.6e-06 0 4e-06 0 0.0004544 2.4e-06 0.0004592 1.6e-06
40 42.5 45 0.0009384 0 0.0009856 0 0.0027808 3.04e-05 0.0026128 1.84e-05 4e-06 0 5.6e-06 0 0.000732 2.4e-06 0.0006648 3.2e-06
45 47.5 50 0.0012496 8e-07 0.0012976 8e-07 0.003392 3.28e-05 0.0033048 2.24e-05 8.8e-06 0 8e-06 0 0.0011208 4.8e-06 0.0010264 1.6e-06
50 52.5 55 0.0015408 5.6e-06 0.0016608 8e-07 0.0040912 5.52e-05 0.0041168 3.44e-05 1.28e-05 0 2.16e-05 0 0.0014848 1.04e-05 0.001356 2.4e-06
55 57.5 60 0.0019032 6.4e-06 0.0020264 4e-06 0.0051344 7.12e-05 0.0052512 4.16e-05 2.72e-05 0 4.16e-05 0 0.001968 7.2e-06 0.0017888 6.4e-06
60 62.5 65 0.0024408 4.8e-06 0.0026552 3.2e-06 0.0066792 9.2e-05 0.0070376 5.92e-05 5.04e-05 0 6.08e-05 0 0.0026592 2.4e-05 0.0023704 4.8e-06
65 67.5 70 0.0030128 1.6e-05 0.00328 9.6e-06 0.0085704 0.0001336 0.009528 0.000104 8.4e-05 0 0.0001096 0 0.0032936 2.88e-05 0.002988 1.2e-05
70 72.5 75 0.0038072 2e-05 0.0043416 1.92e-05 0.0115648 0.0001696 0.0135288 0.0001168 0.000116 0 0.0001552 0 0.004152 3.76e-05 0.0038456 1.92e-05
75 77.5 80 0.005708 3.52e-05 0.006804 2.32e-05 0.0129112 0.0002496 0.015956 0.0001464 0.0001736 0 0.0002328 0 0.0053432 4.48e-05 0.0050336 2.4e-05
80 82.5 85 0.0098176 3.52e-05 0.0124008 2.64e-05 0.0096344 0.0002888 0.0117872 0.0001928 0.0002808 8e-07 0.000312 8e-07 0.006152 6.72e-05 0.0059648 3.68e-05
85 87.5 90 0.0098976 5.76e-05 0.0124544 4.16e-05 0.0071832 0.0003568 0.008356 0.0002576 0.000384 8e-07 0.0004592 0 0.0069192 0.0001024 0.0067504 5.36e-05
90 92.5 95 0.008732 8.24e-05 0.0106376 6.16e-05 0.005624 0.000464 0.0063832 0.0003312 0.0005136 0 0.0006592 0 0.0073256 0.0001416 0.0073 6.16e-05
95 97.5 100 0.0075112 9.28e-05 0.008848 9.12e-05 0.004644 0.0005504 0.0050656 0.0004504 0.000768 8e-07 0.0009688 8e-07 0.007176 0.0001872 0.007372 8.32e-05
100 102.5 105 0.0066168 0.0001392 0.0075832 0.0001016 0.0041456 0.0007064 0.0043056 0.0005384 0.0010144 0 0.001252 8e-07 0.006872 0.0001984 0.0070392 9.92e-05
105 107.5 110 0.005788 0.0001656 0.0066 0.0001264 0.003708 0.0008952 0.0038184 0.0007168 0.001264 0 0.0015776 0 0.0064264 0.0002408 0.006588 0.0001296
110 112.5 115 0.0051688 0.000232 0.0057752 0.0002152 0.003352 0.0010272 0.003332 0.0009104 0.0015656 8e-07 0.001904 2.4e-06 0.0060416 0.0003224 0.0062912 0.0001752
115 117.5 120 0.0045744 0.0003208 0.0048968 0.0002592 0.0031704 0.0012512 0.0030312 0.0011296 0.0018976 8e-07 0.0022872 4e-06 0.0056176 0.0004616 0.005816 0.0002416
120 122.5 125 0.004092 0.000376 0.0042872 0.0003496 0.0028576 0.0014808 0.0027336 0.001368 0.002136 8e-07 0.0025192 2.4e-06 0.0053064 0.0004984 0.0054472 0.0003088
125 127.5 130 0.0038808 0.0004976 0.0039448 0.0004456 0.0027752 0.0018496 0.002596 0.0017416 0.0023912 3.2e-06 0.0027672 5.6e-06 0.0047224 0.0006144 0.0048752 0.000428
130 132.5 135 0.0035264 0.0005896 0.0035152 0.0006176 0.0027368 0.002252 0.0025136 0.0020984 0.0026408 4.8e-06 0.0030624 6.4e-06 0.0043648 0.000784 0.0044992 0.0004776
135 137.5 140 0.0031936 0.0007 0.0031464 0.0007368 0.0026392 0.0027128 0.002364 0.002728 0.002816 8e-06 0.0031656 4e-06 0.004172 0.0009696 0.0042728 0.0006496
140 142.5 145 0.0030456 0.000888 0.002896 0.0009288 0.0025344 0.0033216 0.002276 0.0034264 0.0030464 1.76e-05 0.003492 1.28e-05 0.0037688 0.0011872 0.0038456 0.0007848
145 147.5 150 0.0028912 0.0010712 0.0026896 0.0011872 0.0024128 0.0039552 0.00214 0.004104 0.003132 9.6e-06 0.0034968 9.6e-06 0.0036688 0.0013784 0.0036592 0.0010104
150 152.5 155 0.00274 0.00128 0.0025376 0.0014512 0.002348 0.0049432 0.0020184 0.0052128 0.0032552 3.2e-05 0.0035432 2.32e-05 0.0033056 0.001736 0.0034144 0.0013008
155 157.5 160 0.0026584 0.0015256 0.002448 0.0017488 0.0023136 0.0062936 0.0020176 0.0066464 0.0033392 2.24e-05 0.0036304 2.16e-05 0.0031704 0.0020408 0.0031448 0.001488
160 162.5 165 0.0025832 0.0019976 0.002336 0.0022568 0.0021944 0.0077592 0.001852 0.0085192 0.003352 3.36e-05 0.0036304 3.92e-05 0.0029312 0.0024888 0.0029288 0.0018408
165 167.5 170 0.0024344 0.0025192 0.0021688 0.002912 0.0020912 0.008784 0.001764 0.0101552 0.0035072 4.72e-05 0.0037136 4.4e-05 0.0028632 0.0028976 0.0028328 0.0022536
170 172.5 175 0.0023688 0.003548 0.0020896 0.0041096 0.0020616 0.008208 0.0016904 0.0096944 0.0033664 7.84e-05 0.0036104 6.88e-05 0.00276 0.0034104 0.0026776 0.0026872
175 177.5 180 0.0022816 0.0055688 0.00194 0.006772 0.0020784 0.00662 0.0017432 0.0076872 0.0033128 8.48e-05 0.0035 7.2e-05 0.0026352 0.0038272 0.0025112 0.0031264
180 182.5 185 0.0022432 0.006188 0.001904 0.0076392 0.0020016 0.0054168 0.0016272 0.0058904 0.0034232 0.0001128 0.00356 0.0001008 0.002464 0.0042224 0.0023896 0.003556
185 187.5 190 0.002128 0.0060832 0.0018104 0.0073072 0.0018712 0.0046472 0.0015584 0.0048592 0.0033296 0.0001344 0.0034408 0.0001296 0.0024056 0.0045104 0.0022768 0.0038992
190 192.5 195 0.0021064 0.0055992 0.0017792 0.0065312 0.0018072 0.0040472 0.0014992 0.0040264 0.0033304 0.0001664 0.0034168 0.0001696 0.0023432 0.0045872 0.0022464 0.0038736
195 197.5 200 0.0020704 0.005352 0.0017096 0.0061128 0.0017104 0.003516 0.0014584 0.003424 0.0032056 0.0002288 0.00328 0.0001992 0.0022264 0.0046976 0.0021312 0.0040352
200 202.5 205 0.0019848 0.004956 0.0016456 0.0054176 0.0016952 0.0032144 0.0013984 0.0029856 0.003244 0.0002736 0.003284 0.0002776 0.0022056 0.0046328 0.0020776 0.0040016
205 207.5 210 0.0019 0.0047864 0.0015752 0.0051984 0.001644 0.002928 0.0013496 0.0026272 0.0031928 0.0003344 0.0032368 0.0003336 0.0020408 0.0045688 0.0019512 0.0039864
210 212.5 215 0.0018696 0.0043376 0.0015552 0.0045184 0.0015824 0.0027072 0.0013096 0.0023616 0.003084 0.0004112 0.0031136 0.000428 0.001996 0.0043456 0.001876 0.0037232
215 217.5 220 0.0018408 0.0039384 0.0014848 0.0041056 0.001504 0.0026288 0.0012384 0.0022176 0.0030024 0.0004744 0.003016 0.0005312 0.001908 0.0043552 0.0018584 0.0037672
220 222.5 225 0.0018264 0.0036296 0.0014864 0.0037176 0.0014104 0.0024256 0.0011784 0.0020216 0.0028768 0.0005968 0.0028792 0.0006416 0.0019072 0.0040816 0.0017424 0.00356
225 227.5 230 0.0016808 0.003528 0.0013536 0.0034128 0.0014456 0.0023704 0.001156 0.0019064 0.0028544 0.0006872 0.0028096 0.0007328 0.0017728 0.0038712 0.0016856 0.0033448
230 232.5 235 0.0016016 0.0032832 0.0013224 0.0031248 0.001332 0.0021504 0.0011248 0.001772 0.0027424 0.000804 0.0026976 0.0008568 0.0017344 0.0037192 0.0016368 0.0031896
235 237.5 240 0.0016016 0.0030672 0.0013 0.0028528 0.0013024 0.0020736 0.0011304 0.0016696 0.0027248 0.0009568 0.0026352 0.0010072 0.0016128 0.0035744 0.0015568 0.0030704
240 242.5 245 0.0015264 0.002852 0.0012592 0.0026088 0.0012416 0.0020768 0.001048 0.0016488 0.0026344 0.0010456 0.0025696 0.0010632 0.0016168 0.0033704 0.0015208 0.002808
245 247.5 250 0.0014736 0.002688 0.001184 0.0023728 0.0011768 0.001936 0.0010296 0.0015248 0.0024976 0.0011408 0.0024304 0.0011664 0.0016328 0.003228 0.0015592 0.0028
250 252.5 255 0.001432 0.0025384 0.001204 0.0021904 0.0011568 0.0018608 0.0009992 0.0014304 0.0025216 0.0012536 0.0024176 0.001276 0.0014048 0.0029848 0.0013416 0.0025424
255 257.5 260 0.0014224 0.0024736 0.001156 0.0021424 0.0011232 0.0017992 0.0010064 0.0013744 0.0023896 0.0013112 0.0022832 0.0013344 0.001392 0.0029376 0.0013496 0.00242
260 262.5 265 0.0013912 0.0022312 0.0011568 0.0019216 0.0010792 0.0017248 0.0009672 0.0014016 0.0023888 0.0014832 0.0022608 0.00148 0.0014 0.0027808 0.0013368 0.0023152
265 267.5 270 0.0012872 0.0022008 0.0010776 0.0018424 0.0010128 0.0016608 0.0009224 0.0012544 0.0022432 0.0015872 0.0021152 0.001552 0.0013112 0.0026272 0.0012352 0.0021936
270 272.5 275 0.0012832 0.0020936 0.0011112 0.0017344 0.000928 0.0016216 0.0008584 0.0012584 0.0022784 0.0016408 0.002156 0.0016488 0.0013048 0.0024816 0.0012232 0.0020456
275 277.5 280 0.0011832 0.0019912 0.0009944 0.0016232 0.0009672 0.0015256 0.0008472 0.0011904 0.0020936 0.0018136 0.001964 0.0017288 0.0012016 0.0024592 0.0011592 0.001984
280 282.5 285 0.0011408 0.0019496 0.0009808 0.0015808 0.0009032 0.0014968 0.0007992 0.0011448 0.0020864 0.0017928 0.0019792 0.0017352 0.0012048 0.0022352 0.0011672 0.0018632
285 287.5 290 0.0010944 0.0019008 0.0009624 0.0015256 0.0009136 0.0014416 0.0008344 0.0011416 0.0020176 0.0019288 0.0018952 0.0018664 0.0011464 0.00216 0.001072 0.0018016
290 292.5 295 0.0010224 0.0018032 0.0009024 0.001388 0.0008472 0.0014144 0.00076 0.0010696 0.0019776 0.0018904 0.0018264 0.0018384 0.001108 0.002168 0.0010472 0.001748
295 297.5 300 0.0010848 0.0017944 0.0009248 0.0013664 0.0008328 0.0013368 0.0007752 0.0009928 0.0019216 0.0019584 0.0018008 0.001868 0.0010976 0.0020312 0.001048 0.0017168
300 302.5 305 0.0009912 0.00168 0.0008544 0.0012888 0.0008608 0.0013032 0.0007704 0.0009952 0.0018056 0.0020104 0.0016896 0.0019032 0.0009704 0.0019272 0.0009672 0.001648
305 307.5 310 0.0010248 0.0015528 0.0008816 0.0012256 0.0008072 0.0012664 0.0007544 0.0009448 0.0018608 0.0020424 0.0017088 0.00188 0.0009768 0.0018584 0.0009552 0.0015176
310 312.5 315 0.000992 0.00162 0.00086 0.0012536 0.0007696 0.0012336 0.0006856 0.0009344 0.0017992 0.0020296 0.0016648 0.0019192 0.0010416 0.0017624 0.0009896 0.0014872
315 317.5 320 0.0009296 0.001504 0.0008032 0.0011384 0.000764 0.0011672 0.0006696 0.0009008 0.0017608 0.0021664 0.001632 0.0020112 0.0009144 0.0018408 0.0009224 0.0015072
320 322.5 325 0.000872 0.00152 0.0007592 0.001164 0.0007152 0.0011096 0.0006408 0.0008336 0.0017376 0.0020648 0.001592 0.0018776 0.0009224 0.0016352 0.0008704 0.0013456
325 327.5 330 0.0008784 0.0015136 0.0007696 0.001132 0.0006808 0.0011368 0.0005928 0.0008704 0.0017632 0.0021544 0.00162 0.0019432 0.000872 0.0016528 0.000852 0.0013064
330 332.5 335 0.0008112 0.0014152 0.0007048 0.001068 0.0006768 0.0011024 0.000624 0.0008536 0.0016312 0.0021656 0.0014992 0.0019312 0.0008736 0.0015376 0.0008384 0.0012552
335 337.5 340 0.0008216 0.00134 0.0007184 0.001036 0.0006464 0.0011096 0.0005704 0.0008624 0.0015744 0.0022008 0.00146 0.0019536 0.0008032 0.001456 0.0007896 0.0012072
340 342.5 345 0.0008352 0.0013112 0.0007352 0.0009624 0.0006744 0.0010464 0.0006024 0.0007824 0.0015088 0.0021856 0.00138 0.0019024 0.0008144 0.0014832 0.0007808 0.0011776
345 347.5 350 0.000828 0.0012208 0.0006856 0.0009528 0.0006184 0.0009776 0.0005696 0.0007224 0.0014712 0.0021352 0.0013416 0.0018496 0.0007608 0.0014208 0.0007272 0.00112
350 352.5 355 0.0007544 0.001228 0.000656 0.0009328 0.0005592 0.0009992 0.0005056 0.0007032 0.0014736 0.0021424 0.0013784 0.0018688 0.0007424 0.0013912 0.0007016 0.0011056
355 357.5 360 0.0007576 0.0012096 0.0006696 0.0008944 0.000552 0.0009384 0.0005032 0.00072 0.001376 0.0020976 0.0012528 0.00184 0.0007248 0.0013328 0.0007192 0.0011064
360 362.5 365 0.0007256 0.0011616 0.0006312 0.0008864 0.0005552 0.0009624 0.0005008 0.0007216 0.0013704 0.0020888 0.0012416 0.0017688 0.0006624 0.0013104 0.0006792 0.001108
365 367.5 370 0.0007312 0.0011784 0.0006408 0.000844 0.0005048 0.0009096 0.0004808 0.000676 0.0013672 0.0020912 0.001236 0.0017632 0.0006752 0.0012768 0.0006728 0.001
370 372.5 375 0.0007176 0.0010848 0.0006152 0.000812 0.0005624 0.0009448 0.0005232 0.0007184 0.0013384 0.0021184 0.00122 0.0017928 0.000628 0.0012776 0.0006232 0.0010352
375 377.5 380 0.0006632 0.0010992 0.000576 0.0008216 0.0005184 0.0008872 0.0004928 0.0006512 0.0013056 0.0020144 0.0011968 0.0017216 0.0006376 0.0012144 0.0006304 0.0009584
380 382.5 385 0.0006224 0.001108 0.0005424 0.0008016 0.0005152 0.0008672 0.0004448 0.0006448 0.0012152 0.0020048 0.001108 0.0016648 0.0006328 0.0011552 0.0006088 0.0009264
385 387.5 390 0.0006288 0.0010536 0.0005464 0.0007856 0.0004728 0.0008552 0.0004304 0.0006648 0.001196 0.002076 0.001108 0.0017472 0.0006 0.001184 0.0005864 0.0009456
390 392.5 395 0.0006288 0.0010224 0.0005624 0.0007552 0.0004504 0.0008032 0.0004144 0.0006312 0.0011704 0.0020088 0.0010912 0.0016624 0.0006008 0.001152 0.0006072 0.0009064
395 397.5 400 0.0006064 0.0010288 0.0005376 0.0007224 0.000468 0.000792 0.0004168 0.0006104 0.0011536 0.001932 0.0010592 0.001624 0.0005848 0.0010912 0.0005584 0.0008536
