# ../merge-hist.pl highlumi_cam_r0.7_iseq01 highlumi_cam_r0.7_iseq02 highlumi_cam_r0.7_iseq03 highlumi_cam_r0.7_iseq04 highlumi_cam_r0.7_iseq05
# nev = 244000
0 2.5 5 0.000342622868852459 0.00906885196721311 0.0148491721311475 0.176464721311475 0.000342622868852459 0.00906885196721311 0.0398795049180328 0.176484426229508 0 0.0070909831147541 0.000136065540983607 0.177181918032787 0 0.0070909831147541 0.0163303295081967 0.177214721311475
5 7.5 10 5.73770508196721e-06 0 0.0299270491803279 8.19672131147541e-07 1.06557442622951e-05 0 0.0294590196721311 0.000169672213114754 0 0 0.000686065491803279 0 0 0 0.0151778672131148 7.04918065573771e-05
10 12.5 15 3.0327862295082e-05 0 0.0240196704918033 5.49180327868852e-05 7.04918098360656e-05 0 0.0196647557377049 0.000398360704918033 0 0 0.00202704950819672 0 1.63934426229508e-06 0 0.0147336147540984 0.000155737786885246
15 17.5 20 0.000113934418032787 0 0.0183729557377049 0.00014590162295082 0.000259836016393443 0 0.0141385245901639 0.000558196786885246 0 0 0.00417950836065574 0 1.63934475409836e-05 0 0.0133877 0.00020327868852459
20 22.5 25 0.000308196754098361 0 0.0141344295081967 0.000277049245901639 0.000538524557377049 0 0.0107163901639344 0.000650819721311475 0 0 0.00627786950819672 8.19672131147541e-07 5.65573852459016e-05 0 0.0116934360655738 0.000259016344262295
25 27.5 30 0.000531967131147541 0 0.0110270475409836 0.000367213131147541 0.000913114836065574 8.19672131147541e-07 0.00841639409836066 0.000676229508196721 8.19672131147541e-07 0 0.00807459049180328 3.27868852459016e-06 0.000166393409836066 0 0.00990409786885246 0.000287704836065574
30 32.5 35 0.00093032793442623 1.63934426229508e-06 0.00895245885245902 0.000505737737704918 0.00133524606557377 8.19672131147541e-07 0.00680737655737705 0.000703278639344262 1.31147590163934e-05 0 0.00910819754098361 8.19672147540984e-06 0.000360655786885246 0 0.00859836032786885 0.000308196803278689
35 37.5 40 0.00126311491803279 1.63934426229508e-06 0.00720819721311475 0.000504918114754098 0.00177950901639344 4.09836081967213e-06 0.00564754065573771 0.000731147475409836 3.8524593442623e-05 0 0.00971557442622951 1.63934427868852e-05 0.000646721229508197 1.63934344262295e-06 0.00735573852459016 0.000363934508196721
40 42.5 45 0.00176803295081967 8.1967131147541e-07 0.00634426163934426 0.000579508114754098 0.0023319668852459 6.5573762295082e-06 0.00472540950819672 0.000668032836065574 6.63934491803279e-05 0 0.00981475409836066 1.80327819672131e-05 0.00106147590163934 2.45901639344262e-06 0.00617131147540984 0.000369672163934426
45 47.5 50 0.00225573819672131 4.09836081967213e-06 0.00514344295081967 0.000592622934426229 0.00287541049180328 1.47540975409836e-05 0.00394918114754098 0.000659016344262295 0.000145901606557377 0 0.0092081968852459 4.50819606557377e-05 0.00154426196721311 3.27868852459016e-06 0.0054598368852459 0.000408196803278688
50 52.5 55 0.00276147573770492 1.31147532786885e-05 0.00453360704918033 0.000611475409836066 0.00367622950819672 1.72131213114754e-05 0.00338442672131148 0.000611475393442623 0.000218032819672131 0 0.00883934344262295 5.81967180327869e-05 0.00208688590163934 9.01639344262295e-06 0.00474098393442623 0.000431967147540984
55 57.5 60 0.00344918016393443 1.39344254098361e-05 0.0039655737704918 0.000592622983606557 0.00443688442622951 2.62295e-05 0.00299344180327869 0.00060573762295082 0.000368852393442623 0 0.00833934344262295 8.77049114754098e-05 0.00265983672131148 7.37704836065574e-06 0.00418196639344262 0.000391803245901639
60 62.5 65 0.00417786950819672 2.13114770491803e-05 0.0033836068852459 0.000603278655737705 0.00549344278688525 5.24590245901639e-05 0.00271803229508197 0.000523770475409836 0.000545901606557377 0 0.00756065590163934 9.09836147540984e-05 0.00335901704918033 1.8032793442623e-05 0.0036081968852459 0.000431967180327869
65 67.5 70 0.00534672081967213 4.0983606557377e-05 0.00298688491803279 0.000564754114754098 0.00731803327868853 5.49180344262295e-05 0.00233196639344262 0.000536065524590164 0.000748360672131148 0 0.0068418031147541 0.000118852460655738 0.00421557327868852 2.86885180327869e-05 0.00325409901639344 0.000366393524590164
70 72.5 75 0.00708770459016393 4.42622885245902e-05 0.00258114819672131 0.000543442704918033 0.0111368836065574 0.000102459016393443 0.00210491836065574 0.000510655737704918 0.00110491852459016 0 0.00657622950819672 0.000169672213114754 0.00557868770491803 3.68852393442623e-05 0.00293524524590164 0.000359836016393443
75 77.5 80 0.0121491885245902 6.55737754098361e-05 0.00245327868852459 0.000561475344262295 0.0177245918032787 0.000124590147540984 0.00185245836065574 0.000508196770491803 0.00141803213114754 8.19672131147541e-07 0.00600491737704918 0.000169672131147541 0.00731147508196721 5.90163852459016e-05 0.00265983524590164 0.000386885327868853
80 82.5 85 0.0168360573770492 9.99999180327869e-05 0.00221639344262295 0.00050000006557377 0.0155499950819672 0.000202459032786885 0.00174590229508197 0.000453278639344262 0.00177458950819672 0 0.00537459032786885 0.000182786918032787 0.00883852540983606 8.19672295081967e-05 0.00236475475409836 0.000379508196721311
85 87.5 90 0.012759831147541 0.000146721262295082 0.00194016426229508 0.000496721229508197 0.00948114803278688 0.00024590168852459 0.00166229475409836 0.000459016459016393 0.00238524540983607 4.09835983606557e-06 0.00485409852459016 0.000214754081967213 0.00969671475409836 0.000116393444262295 0.00219590147540984 0.00035081968852459
90 92.5 95 0.00902458967213115 0.000236885262295082 0.00181557442622951 0.000473770491803279 0.0064926231147541 0.000332786967213115 0.00146229590163934 0.000422131147540984 0.00312950770491803 4.91803278688525e-06 0.00434098442622951 0.000225409819672131 0.00961065491803279 0.000157376967213115 0.0019827862295082 0.000355737672131148
95 97.5 100 0.00678442639344262 0.000244262360655738 0.00161557360655738 0.000498360704918033 0.00490245819672131 0.000463114754098361 0.00129262229508197 0.000410655803278688 0.0040606562295082 8.19672049180328e-06 0.00402131098360656 0.000238524672131148 0.00886557459016393 0.000239344196721311 0.00181393360655738 0.000349180327868852
100 102.5 105 0.00532213098360656 0.000367213147540984 0.00151475344262295 0.000429508163934426 0.00406229540983607 0.000581967147540984 0.00120000081967213 0.000395901606557377 0.00477213163934426 1.147541e-05 0.00361885196721311 0.000246721229508197 0.00764836032786885 0.000290983573770492 0.00166885295081967 0.000331967131147541
105 107.5 110 0.00442295016393443 0.000480327934426229 0.00128278639344262 0.00044344268852459 0.00358606573770492 0.000762295049180328 0.00110573775409836 0.000345081967213115 0.00541639409836066 1.39344263934426e-05 0.00334508131147541 0.000263934393442623 0.00656229442622951 0.000363114704918033 0.00149672213114754 0.000354098426229508
110 112.5 115 0.0037672131147541 0.000608196786885246 0.00123032721311475 0.000429508163934426 0.0032557368852459 0.00091393437704918 0.000964754081967213 0.00036393437704918 0.00577295081967213 2.54098327868852e-05 0.00310409885245902 0.000263114770491803 0.00584508163934426 0.000495901590163934 0.00143278606557377 0.00030163937704918
115 117.5 120 0.00339508262295082 0.000763934360655738 0.00114098442622951 0.000431967262295082 0.00297213147540984 0.00110737672131148 0.000912295016393443 0.000375409819672131 0.0058311468852459 3.11475442622951e-05 0.00279836147540984 0.000268852540983607 0.00498196754098361 0.000637704901639344 0.00133032819672131 0.000286065540983606
120 122.5 125 0.00303524540983607 0.000879508196721311 0.00105573754098361 0.000390163918032787 0.00269754114754098 0.00135327868852459 0.000863114786885246 0.000336885229508197 0.00592377065573771 3.77049114754098e-05 0.00259590081967213 0.00030573762295082 0.00448196770491803 0.000764754114754098 0.00125163983606557 0.000298360639344262
125 127.5 130 0.00282295098360656 0.00113032836065574 0.00101885237704918 0.00038688531147541 0.00262213163934426 0.00169016409836066 0.000818032852459016 0.000327049131147541 0.00580573803278689 7.86885245901639e-05 0.00238196754098361 0.000271311491803279 0.00400983672131148 0.000862295147540984 0.00117377016393443 0.000268032770491803
130 132.5 135 0.0026647537704918 0.00140163868852459 0.000892622918032787 0.000360655721311475 0.00252376967213115 0.00208770524590164 0.000779508213114754 0.000324590114754098 0.0055327862295082 9.67213049180328e-05 0.00224590229508197 0.000302459098360656 0.00361557426229508 0.00111147491803279 0.00104262245901639 0.000284426229508197
135 137.5 140 0.00254016393442623 0.00163606557377049 0.000870491803278689 0.00035573762295082 0.00240163901639344 0.00246721229508197 0.00074180331147541 0.000299180393442623 0.00535737639344262 0.00010163937704918 0.00205081885245902 0.000304917950819672 0.00338852459016393 0.00136557459016393 0.00101885327868852 0.000270491852459016
140 142.5 145 0.00241803360655738 0.00207049098360656 0.000815573704918033 0.000339344344262295 0.00235081983606557 0.00298688540983607 0.000657376983606557 0.000327868852459016 0.00498360704918033 0.000183606475409836 0.00194508114754098 0.000283606606557377 0.00319098426229508 0.0017106562295082 0.000965573721311475 0.00021967206557377
145 147.5 150 0.00236393475409836 0.0024647537704918 0.000707377081967213 0.000370491737704918 0.00225819590163934 0.00370491868852459 0.000626229459016393 0.000271311459016393 0.00479426180327869 0.000212295131147541 0.00179262229508197 0.0003 0.00290983590163934 0.00201229590163934 0.000872131163934426 0.000266393491803279
150 152.5 155 0.00228114754098361 0.00298442573770492 0.000704918114754098 0.000331147573770492 0.00218032786885246 0.00453606508196721 0.000584426163934426 0.000249180262295082 0.00440901590163934 0.00025163937704918 0.00161803360655738 0.000264754131147541 0.0027672131147541 0.00232868786885246 0.000845901704918033 0.000230327950819672
155 157.5 160 0.00222622868852459 0.00374672213114754 0.000657377081967213 0.000295901606557377 0.00208606524590164 0.00569262213114754 0.000562295016393443 0.000245081950819672 0.00403688590163934 0.000323770573770492 0.00154672196721311 0.000278688442622951 0.00272049245901639 0.0029418031147541 0.000795082 0.000263114672131148
160 162.5 165 0.00211557459016393 0.00468606508196721 0.000629508196721311 0.000277868852459016 0.00196311442622951 0.00760655819672131 0.000545901721311475 0.00024672137704918 0.00384262213114754 0.000377049245901639 0.00144098344262295 0.000319672213114754 0.00249836114754098 0.00363770442622951 0.000774590163934426 0.000230327918032787
165 167.5 170 0.00195245836065574 0.00629016409836066 0.000584426245901639 0.000289344180327869 0.00190819704918033 0.0103204901639344 0.000493442557377049 0.000208196754098361 0.00373278655737705 0.000498360639344262 0.00135983557377049 0.000297541016393443 0.00237786836065574 0.00446721393442623 0.000759835983606557 0.00020245906557377
170 172.5 175 0.00190737786885246 0.00901803245901639 0.000534426295081967 0.000271311426229508 0.00188442672131148 0.0125860590163934 0.000467213049180328 0.000231147475409836 0.00341147540983607 0.000563934508196721 0.00129672131147541 0.000290983557377049 0.00224754065573771 0.00519754147540984 0.000697540983606557 0.000184426278688525
175 177.5 180 0.00187868770491803 0.0109745983606557 0.00048524593442623 0.00024590162295082 0.00186229442622951 0.0101754180327869 0.000408196639344262 0.000235245967213115 0.0032057368852459 0.000722131114754098 0.00124836049180328 0.000287704885245902 0.00217459049180328 0.00585655754098361 0.000636885245901639 0.000210655770491803
180 182.5 185 0.00191393426229508 0.00938606606557377 0.000504918032786885 0.000247540918032787 0.00178442639344262 0.00732295016393443 0.000418852491803279 0.000209016409836066 0.00315327950819672 0.000918032786885246 0.00120000032786885 0.000290163983606557 0.00219098327868852 0.00644180409836066 0.000609836 0.000171311409836066
185 187.5 190 0.0017745906557377 0.00781967262295082 0.000483606508196721 0.000247540950819672 0.00166311540983607 0.0055844262295082 0.00038442631147541 0.000168852409836066 0.00300327786885246 0.00109426180327869 0.00104999983606557 0.000307377 0.00205163901639344 0.0063639337704918 0.000570491852459016 0.000159016459016393
190 192.5 195 0.00168196672131148 0.00643852508196721 0.000414754016393443 0.000228688557377049 0.00161639393442623 0.00447376983606557 0.000383606606557377 0.000190983639344262 0.00280983639344262 0.00134344180327869 0.00104754163934426 0.000271311409836066 0.00204917950819672 0.00623278704918033 0.000593442655737705 0.000145901721311475
195 197.5 200 0.00162295 0.00550983557377049 0.000458196754098361 0.000216393508196721 0.00157049213114754 0.00374508180327869 0.000359016409836066 0.000167213049180328 0.00262295081967213 0.00168032754098361 0.000940164 0.000252459032786885 0.0019418037704918 0.00604754163934426 0.000581147573770492 0.000143442557377049
200 202.5 205 0.00164754032786885 0.00469098442622951 0.000417213098360656 0.000215573754098361 0.00159754081967213 0.00329672213114754 0.000385245819672131 0.000152458950819672 0.00257868803278689 0.00199918032786885 0.000908196737704918 0.000271311426229508 0.00187541049180328 0.00557540934426229 0.000534426147540984 0.000141803213114754
205 207.5 210 0.00158032737704918 0.00388360639344262 0.000421311475409836 0.000197541049180328 0.00153606475409836 0.00288934393442623 0.000376229459016393 0.000154918032786885 0.00242786868852459 0.00226147508196721 0.000827049262295082 0.000249180295081967 0.00186721393442623 0.00516803229508197 0.000481147524590164 0.000122131140983607
210 212.5 215 0.00154590081967213 0.00341885163934426 0.000401639344262295 0.000168032704918033 0.0013655731147541 0.00269426295081967 0.000316393442622951 0.000135245868852459 0.00233442672131148 0.00268360606557377 0.000782786967213115 0.000270491852459016 0.00174836147540984 0.00473524573770492 0.000521311557377049 0.000133606549180328
215 217.5 220 0.00146311459016393 0.00310409836065574 0.000352459032786885 0.000189344196721311 0.0013721306557377 0.00242459098360656 0.000335245918032787 0.000151639278688525 0.00218770540983607 0.00297704967213115 0.000789344196721312 0.000231967180327869 0.0016409831147541 0.00429426147540984 0.00043360662295082 0.000132786868852459
220 222.5 225 0.0014278693442623 0.00279098344262295 0.000309836032786885 0.000161475459016393 0.00129508180327869 0.00223852442622951 0.000309836131147541 0.000113934360655738 0.00215655655737705 0.00320082016393443 0.000740164016393443 0.000223770524590164 0.00159180344262295 0.0039270493442623 0.000422950819672131 0.000133606557377049
225 227.5 230 0.00135000065573771 0.00253360704918033 0.000345081918032787 0.000145081901639344 0.00125491770491803 0.00212950819672131 0.000332786868852459 0.000109016396721311 0.00207131196721311 0.00340573836065574 0.000711475442622951 0.000229508278688525 0.00154180393442623 0.00359754016393443 0.000458196754098361 0.000120491852459016
230 232.5 235 0.00125491852459016 0.00230983590163934 0.000368852442622951 0.000144262360655738 0.00125819754098361 0.00202131081967213 0.000287704983606557 0.000118852442622951 0.00197868852459016 0.00358934393442623 0.000686065573770492 0.00025327862295082 0.00147131196721311 0.0032934431147541 0.000423770475409836 0.000118032704918033
235 237.5 240 0.00130573852459016 0.00223278606557377 0.000290983540983607 0.000161475344262295 0.00118278672131148 0.00203196786885246 0.000270491836065574 0.000118852450819672 0.00195819590163934 0.0036090168852459 0.000663114803278688 0.000233606573770492 0.00140737737704918 0.00315163983606557 0.000409836 0.000104098367213115
240 242.5 245 0.00119754081967213 0.00208770426229508 0.000284426147540984 0.000152459 0.00117622918032787 0.00186393524590164 0.000236885196721311 0.000109836 0.00193852426229508 0.00373852426229508 0.00065409831147541 0.000213114770491803 0.00131311491803279 0.00285081967213115 0.000417213180327869 9.09836081967213e-05
245 247.5 250 0.00116147459016393 0.00202868803278689 0.000281147459016393 0.000140163852459016 0.00109344327868852 0.0017942631147541 0.000269672180327869 0.00010901631147541 0.00180245950819672 0.00381803245901639 0.000568852442622951 0.000231147491803279 0.00131967245901639 0.00274344213114754 0.000380327803278688 0.00011557368852459
250 252.5 255 0.00119262295081967 0.00194590196721311 0.000267213049180328 0.000114754098360656 0.00110081901639344 0.00171885163934426 0.000240163868852459 9.01639278688525e-05 0.00181229573770492 0.0037000006557377 0.000574590229508197 0.00020081968852459 0.00128688606557377 0.00258360639344262 0.000376229508196721 9.59016393442623e-05
255 257.5 260 0.0010655737704918 0.0018614762295082 0.000258196803278689 0.00014098368852459 0.00104180331147541 0.00170409918032787 0.000266393508196721 0.000118852462295082 0.00168360639344262 0.00365737786885246 0.000540983590163934 0.000205737704918033 0.0012163931147541 0.00249918049180328 0.000372950754098361 0.000102459008196721
260 262.5 265 0.00108442540983607 0.00174016475409836 0.000263114819672131 0.000109835983606557 0.00105000008196721 0.00160573704918033 0.000234426180327869 0.000109836098360656 0.00166967262295082 0.00364262213114754 0.000532786918032787 0.000200819639344262 0.00116803262295082 0.00228278754098361 0.000335245918032787 0.000108196713114754
265 267.5 270 0.00104918114754098 0.00163606573770492 0.000259836098360656 0.000121311426229508 0.000961474918032787 0.00146803278688525 0.000229508213114754 0.000110655754098361 0.00161311540983607 0.00359016426229508 0.000507377032786885 0.000168032721311475 0.00114918 0.00210491737704918 0.000327868934426229 9.18032295081967e-05
270 272.5 275 0.000992622950819672 0.00160245901639344 0.000249180393442623 0.000114754081967213 0.000921311442622951 0.00149262327868852 0.000237704852459016 9.26229442622951e-05 0.00158442573770492 0.00346229442622951 0.000491803213114754 0.000170491721311475 0.00109918098360656 0.00207541016393443 0.000312295 7.37704868852459e-05
275 277.5 280 0.000971311393442623 0.00153688524590164 0.000225409819672131 0.000117213196721311 0.000862295065573771 0.00149344245901639 0.000210655786885246 8.85245819672131e-05 0.00158606606557377 0.00342377016393443 0.000475409836065574 0.000185245934426229 0.00111475459016393 0.0019393437704918 0.00034754106557377 7.95081147540983e-05
280 282.5 285 0.000915573737704918 0.00152868901639344 0.00023114762295082 0.000122131147540984 0.000850819737704918 0.00143524655737705 0.000201639262295082 8.52459032786885e-05 0.00151803245901639 0.00325655737704918 0.000445901704918033 0.000147540983606557 0.00106639295081967 0.00186557295081967 0.000293442655737705 9.67213442622951e-05
285 287.5 290 0.000915573754098361 0.00147213081967213 0.000217213049180328 0.000104098426229508 0.000868852524590164 0.00134672180327869 0.000197540901639344 8.36065491803279e-05 0.00148032721311475 0.00306885327868853 0.000431147459016393 0.000178688459016393 0.0010418031147541 0.00180983573770492 0.000320491803278688 7.54098442622951e-05
290 292.5 295 0.000882786967213115 0.00143524590163934 0.000232786836065574 0.000104918049180328 0.000823770409836066 0.00128032803278689 0.00020573762295082 6.72131114754098e-05 0.00142213032786885 0.00300573786885246 0.000436885196721311 0.000161475475409836 0.000945901557377049 0.00174918049180328 0.000304918016393443 7.78688557377049e-05
295 297.5 300 0.000859016459016393 0.00139672196721311 0.000193442606557377 8.68852393442623e-05 0.000795901721311475 0.00132459065573771 0.000190163868852459 7.70491852459016e-05 0.00133770491803279 0.00290573852459016 0.00040327868852459 0.000136885262295082 0.000960655721311475 0.0017254106557377 0.000268852459016393 8.36065508196721e-05
300 302.5 305 0.00084426231147541 0.00134344213114754 0.000190163901639344 9.67212459016393e-05 0.000816393491803279 0.00124180327868852 0.000195901639344262 7.37704852459017e-05 0.0012598362295082 0.00279098344262295 0.000389344213114754 0.000159836 0.000890983639344262 0.00163114770491803 0.000269672131147541 7.13114721311476e-05
305 307.5 310 0.000786885196721312 0.00127868803278689 0.000209016475409836 8.93442950819672e-05 0.000778688540983606 0.00117295114754098 0.000174590229508197 6.31147622950819e-05 0.00131311475409836 0.00269344278688525 0.00034426231147541 0.000157377032786885 0.000882786885245902 0.00161967262295082 0.00024426237704918 7.86885196721311e-05
310 312.5 315 0.000767213196721311 0.00123934409836066 0.000200000081967213 9.0163868852459e-05 0.000810655737704918 0.00117295049180328 0.000170491868852459 6.47541049180328e-05 0.00123852459016393 0.00265327819672131 0.000348360573770492 0.000163114737704918 0.000827049131147541 0.00149590147540984 0.000281147606557377 7.45901573770492e-05
315 317.5 320 0.000784426229508197 0.00123032786885246 0.000169672163934426 7.21311409836066e-05 0.000686885196721311 0.00117295032786885 0.000152459081967213 7.04918081967213e-05 0.00117131213114754 0.00243524573770492 0.000367213180327869 0.000127868786885246 0.000846721245901639 0.00147049245901639 0.000251639295081967 6.06557327868852e-05
320 322.5 325 0.000736065590163934 0.00118770475409836 0.000154098360655738 7.95081918032787e-05 0.000684426196721312 0.00112131147540984 0.000166393426229508 6.96721344262295e-05 0.00114098426229508 0.00241393475409836 0.00034426231147541 0.000145901721311475 0.000798360606557377 0.00140901655737705 0.000269672196721311 5.49180262295082e-05
325 327.5 330 0.000714754098360656 0.00118196639344262 0.000177868901639344 8.93441803278688e-05 0.000658196704918033 0.00106147540983607 0.000167213081967213 6.39344262295082e-05 0.00110327901639344 0.00229835983606557 0.000347541065573771 0.000106557295081967 0.000781147573770492 0.00145901655737705 0.000264754065573771 5.32786885245902e-05
330 332.5 335 0.000713934459016394 0.00114344344262295 0.00015000006557377 8.36065491803279e-05 0.00065163931147541 0.00104999983606557 0.000163934459016393 6.39344245901639e-05 0.00108606606557377 0.00231147508196721 0.000335245885245902 0.000124590196721311 0.000723770442622951 0.0013172137704918 0.000278688442622951 5.08196704918033e-05
335 337.5 340 0.000704917983606557 0.00111967245901639 0.000163934442622951 8.27868934426229e-05 0.000666393491803279 0.00103278606557377 0.000145901721311475 5.90164016393443e-05 0.0010336068852459 0.00215901655737705 0.000309016459016393 9.75409016393443e-05 0.000739344327868852 0.00132049163934426 0.000245082016393443 5.49180245901639e-05
340 342.5 345 0.000634426196721311 0.00104918114754098 0.000168032803278688 7.3770493442623e-05 0.000599180295081967 0.00103770475409836 0.000132786950819672 5.81967295081967e-05 0.00104754101639344 0.00208442606557377 0.000307377016393443 0.000113934459016393 0.00075163937704918 0.0012729506557377 0.000237704901639344 5.24590180327869e-05
345 347.5 350 0.000690163852459016 0.00104016393442623 0.000134426229508197 7.13114819672131e-05 0.000631967229508197 0.000920491819672131 0.000134426180327869 5.90164e-05 0.0010409831147541 0.00193852442622951 0.000306557409836066 9.91803278688524e-05 0.000672131131147541 0.00121639327868852 0.000260655704918033 5.32786885245902e-05
350 352.5 355 0.000623770491803279 0.00101885244262295 0.000156557442622951 7.54098426229508e-05 0.000546721327868852 0.000927868918032787 0.000139344278688525 6.96721295081967e-05 0.000964754114754098 0.00192786836065574 0.000288524573770492 0.000104098362295082 0.000641803360655738 0.00114590196721311 0.000224590163934426 4.59016459016393e-05
355 357.5 360 0.000598360590163934 0.000977049672131148 0.000157377016393443 4.83606590163934e-05 0.000574590131147541 0.000871311557377049 0.000144262245901639 4.83606573770492e-05 0.000915573770491803 0.00185737721311475 0.000299180409836066 0.000120491737704918 0.000632786901639344 0.00117131114754098 0.000209016344262295 5.32786885245902e-05
360 362.5 365 0.000580327786885246 0.000931147590163934 0.000140983606557377 7.62295114754098e-05 0.000542622918032787 0.00089180331147541 0.000134426295081967 5.65573786885246e-05 0.000924590245901639 0.00178114672131148 0.000309016426229508 0.000104098393442623 0.000640163983606557 0.00110573786885246 0.000200819590163934 4.42622950819672e-05
365 367.5 370 0.000532786836065574 0.000891803278688525 0.000123770475409836 6.47541e-05 0.000543442540983607 0.000903278770491803 0.000134426245901639 5.08196737704918e-05 0.000909016344262295 0.00178114737704918 0.000259016393442623 9.42622131147541e-05 0.000609016426229508 0.00108606590163934 0.000235245918032787 5.32786901639344e-05
370 372.5 375 0.000570491737704918 0.000895081918032787 0.000132786885245902 5.73770508196721e-05 0.00050327868852459 0.000859836147540984 0.000127049131147541 6.22950885245902e-05 0.000881967262295082 0.00165819721311475 0.00025901631147541 0.000111475360655738 0.000602458983606557 0.00102295 0.000212295114754098 5.57376967213115e-05
375 377.5 380 0.000532786950819672 0.000935245081967213 0.000128688508196721 7.1311468852459e-05 0.000513114754098361 0.000843442606557377 0.000105737655737705 5.32786885245902e-05 0.000861475409836065 0.00164508180327869 0.000264754131147541 9.26229442622951e-05 0.000613934426229508 0.00103770426229508 0.000195901672131148 4.59016459016393e-05
380 382.5 385 0.000516393426229508 0.000800819704918033 0.000113934360655738 7.13114803278689e-05 0.000477049262295082 0.000809836098360656 0.000141803327868852 6.14754049180328e-05 0.000794262213114754 0.00161639327868852 0.000264754098360656 0.00011065568852459 0.000581967245901639 0.000975409868852459 0.000207377049180328 4.09836098360656e-05
385 387.5 390 0.000535245934426229 0.000811475327868852 0.000112295049180328 5.16393524590164e-05 0.000465573819672131 0.000850000016393442 0.000124590229508197 5.16393524590164e-05 0.000822131114754098 0.00155819721311475 0.00025655737704918 0.000107376967213115 0.000563934491803279 0.000996721393442623 0.000184426262295082 4.91803229508197e-05
390 392.5 395 0.000474590114754098 0.000874590114754098 0.000111475413114754 5.24590081967213e-05 0.000428688524590164 0.000759836131147541 0.000120491786885246 5.57376967213115e-05 0.000794262278688525 0.00145000049180328 0.000224590114754098 9.26229508196721e-05 0.000493442639344262 0.000979508852459016 0.000218852409836066 4.91803213114754e-05
395 397.5 400 0.000459016409836066 0.000850000081967213 0.000100000016393443 6.06557295081967e-05 0.000457377049180328 0.000736885327868853 0.000114754098360656 5.57377131147541e-05 0.00074590168852459 0.00147213131147541 0.000215573737704918 8.27868852459016e-05 0.000499180360655738 0.000950819754098361 0.000209016360655738 4.83606508196721e-05
