# ../merge-hist.pl highlumi_kt_r0.7_iseq01 highlumi_kt_r0.7_iseq02 highlumi_kt_r0.7_iseq03 highlumi_kt_r0.7_iseq04 highlumi_kt_r0.7_iseq05
# nev = 250000
0 2.5 5 0.0003728 0.0089928 0.0014824 0.0341336 0.0003768 0.0089928 0.001496 0.0341336 0 0.0066584 0.00322 0.0450408 0 0.0066584 0.0032208 0.0450408
5 7.5 10 2.4e-06 0 3.2e-06 0 3.84e-05 0 7.52e-05 0 0 0 0 0 1.6e-06 0 5.6e-06 0
10 12.5 15 2.72e-05 0 1.92e-05 0 0.000176 0 0.0002016 0 0 0 0 0 7.2e-06 0 2.88e-05 0
15 17.5 20 0.0001056 0 0.0001464 0 0.0004168 8e-07 0.0004888 0 0 0 0 0 2.72e-05 0 5.36e-05 0
20 22.5 25 0.000244 0 0.0003392 0 0.000808 1.6e-06 0.0009224 8e-07 0 0 0 0 0.0001 0 0.0001176 0
25 27.5 30 0.0004728 0 0.0006688 0 0.0012088 1.6e-06 0.0014016 1.6e-06 3.2e-06 0 4e-06 0 0.000288 0 0.0002608 0
30 32.5 35 0.0007912 1.6e-06 0.0010432 8e-07 0.0017008 4.8e-06 0.0018976 4e-06 9.6e-06 0 7.2e-06 0 0.0005368 1.6e-06 0.0005432 0
35 37.5 40 0.0010888 8e-07 0.001372 8e-07 0.0021336 6.4e-06 0.0022496 7.2e-06 3.2e-05 0 4.56e-05 0 0.0008624 8e-07 0.0008176 8e-07
40 42.5 45 0.0015232 1.6e-06 0.0018032 4e-06 0.0027272 8.8e-06 0.0028168 6.4e-06 5.68e-05 0 9.76e-05 0 0.001388 2.4e-06 0.0013832 1.6e-06
45 47.5 50 0.0020136 4e-06 0.0022712 5.6e-06 0.0034344 1.76e-05 0.0035552 1.12e-05 0.0001136 0 0.0001608 0 0.0019168 6.4e-06 0.0018544 0
50 52.5 55 0.002484 6.4e-06 0.0027416 4e-06 0.0043504 3.28e-05 0.0043536 2.24e-05 0.0002008 0 0.0002768 0 0.002508 1.04e-05 0.0024616 3.2e-06
55 57.5 60 0.0032024 1.04e-05 0.0033128 1.28e-05 0.005168 4.24e-05 0.0052488 2.88e-05 0.000328 0 0.0004184 0 0.0030664 2.08e-05 0.0030192 3.2e-06
60 62.5 65 0.0038952 1.84e-05 0.0040992 1.28e-05 0.006776 6.4e-05 0.0069264 4.56e-05 0.000456 0 0.0005768 0 0.0039208 2.88e-05 0.0038312 1.28e-05
65 67.5 70 0.0048464 4.08e-05 0.005136 2.88e-05 0.0092864 9.92e-05 0.0096192 8.16e-05 0.0006568 0 0.000788 8e-07 0.0049776 3.92e-05 0.0047336 1.28e-05
70 72.5 75 0.0064352 3.92e-05 0.0068224 4.72e-05 0.0136464 0.0001584 0.0142136 0.0001104 0.0008808 0 0.0010064 8e-07 0.0065016 6.88e-05 0.0062104 2.16e-05
75 77.5 80 0.0100752 5.92e-05 0.010824 5.52e-05 0.0177544 0.000196 0.0191384 0.0001432 0.001196 8e-07 0.001396 1.6e-06 0.0081488 7.52e-05 0.0079376 4.08e-05
80 82.5 85 0.0156256 8e-05 0.0170968 7.04e-05 0.0127032 0.0002824 0.0139856 0.000188 0.0015104 3.2e-06 0.0016624 1.6e-06 0.0097328 0.0001096 0.009416 5.28e-05
85 87.5 90 0.0133104 0.00012 0.0144952 0.0001112 0.0077768 0.0003352 0.0083808 0.0002464 0.0020064 2.4e-06 0.002216 1.6e-06 0.0099168 0.0001848 0.0099288 0.0001024
90 92.5 95 0.0098568 0.000196 0.0106096 0.0001592 0.0055768 0.0004592 0.005908 0.0003168 0.0026904 4e-06 0.0029648 8e-07 0.0093488 0.0002256 0.009428 0.0001048
95 97.5 100 0.007372 0.0002448 0.007824 0.0001952 0.0044024 0.0005992 0.0044992 0.0004536 0.0035664 8e-07 0.0039 4.8e-06 0.00842 0.0003192 0.0086064 0.0001408
100 102.5 105 0.0059 0.000308 0.0060656 0.0002608 0.003788 0.0007952 0.0038296 0.0006016 0.0041648 1.2e-05 0.0044992 1.12e-05 0.0075128 0.00038 0.0075888 0.0002024
105 107.5 110 0.0048464 0.0003976 0.004928 0.0003248 0.0034 0.0009608 0.0034176 0.0007272 0.0046704 1.76e-05 0.0050784 1.36e-05 0.0063536 0.0004832 0.006532 0.000252
110 112.5 115 0.0041824 0.0005176 0.004224 0.0004488 0.00296 0.0011696 0.0029592 0.000944 0.00522 1.44e-05 0.0055776 1.76e-05 0.0055448 0.0006192 0.0056856 0.0003376
115 117.5 120 0.0035816 0.0006824 0.0035608 0.0005736 0.0029232 0.00142 0.002792 0.0012136 0.0054288 4.08e-05 0.0058008 3.04e-05 0.0048224 0.0007608 0.0049008 0.0004472
120 122.5 125 0.0032984 0.0008416 0.0032632 0.0007416 0.0026768 0.0017784 0.0025888 0.001556 0.0055896 3.36e-05 0.0058528 3.36e-05 0.0042672 0.0009904 0.0043504 0.0006016
125 127.5 130 0.0029856 0.0010432 0.002916 0.0009288 0.0025056 0.0021008 0.0023896 0.0019128 0.0056056 5.2e-05 0.0058136 4.56e-05 0.0037792 0.0011176 0.0038512 0.0007576
130 132.5 135 0.0027248 0.0012544 0.002612 0.0012024 0.0024184 0.0025576 0.0022632 0.0023592 0.0054608 8.16e-05 0.0056552 6e-05 0.003532 0.0014152 0.0035256 0.000936
135 137.5 140 0.0026032 0.0014976 0.0024464 0.001476 0.0023696 0.0031648 0.0021968 0.00298 0.0052456 0.0001064 0.0054184 7.76e-05 0.0032312 0.0017648 0.003212 0.00124
140 142.5 145 0.0025056 0.0018264 0.0023208 0.00182 0.0023072 0.0038152 0.0021264 0.0036416 0.0050472 0.0001288 0.0051568 9.84e-05 0.0030376 0.0020856 0.0029768 0.0014672
145 147.5 150 0.0023768 0.0022184 0.0021624 0.0022168 0.0022136 0.004788 0.0020064 0.004576 0.0047608 0.000164 0.0048448 0.0001232 0.0028696 0.0024672 0.002828 0.0018312
150 152.5 155 0.0022736 0.002756 0.0020976 0.0027928 0.0020736 0.0057248 0.0018992 0.0054504 0.004432 0.0002264 0.00448 0.0001688 0.0026648 0.003036 0.0026352 0.0022344
155 157.5 160 0.0022592 0.003312 0.0020856 0.0033136 0.0020368 0.0072904 0.0018432 0.0069392 0.0043304 0.0003 0.0043576 0.0002288 0.0025792 0.0037416 0.0025744 0.0028336
160 162.5 165 0.0021968 0.0041496 0.0020184 0.0041432 0.0019344 0.0094136 0.001788 0.0091104 0.0041536 0.000324 0.0041456 0.0002544 0.0024296 0.0044656 0.0023288 0.0034728
165 167.5 170 0.0020336 0.0053288 0.0018056 0.00524 0.0019128 0.0115592 0.0017312 0.0114224 0.003712 0.000428 0.0037208 0.0003504 0.0022248 0.0051352 0.0021664 0.0041016
170 172.5 175 0.0019056 0.0077088 0.0017184 0.0075848 0.001832 0.0113096 0.001632 0.011596 0.0035328 0.0005096 0.0035064 0.0004208 0.0022008 0.0059128 0.00216 0.0047976
175 177.5 180 0.001936 0.0100248 0.0017424 0.0102232 0.0017824 0.0083544 0.0015936 0.0084496 0.0033368 0.0006272 0.0032664 0.0005064 0.0022272 0.0063552 0.00216 0.0053888
180 182.5 185 0.0018472 0.0095888 0.001628 0.0098352 0.001728 0.0059752 0.001512 0.005856 0.003328 0.000764 0.0032056 0.0006608 0.0020992 0.0066504 0.0020256 0.0056432
185 187.5 190 0.0018008 0.0080608 0.0016264 0.0080544 0.0016304 0.0046848 0.001444 0.0044768 0.0030584 0.0009392 0.0029768 0.0008616 0.0019824 0.0065656 0.0018912 0.0056736
190 192.5 195 0.0017424 0.0069264 0.001532 0.0067168 0.0016424 0.0037944 0.0014616 0.0035496 0.0029088 0.0011232 0.0028312 0.0010336 0.0019592 0.0062936 0.0019072 0.0053952
195 197.5 200 0.0017184 0.0059272 0.0015016 0.0057064 0.0015472 0.0031752 0.0013672 0.0028704 0.0028416 0.0014864 0.0027392 0.0013856 0.001812 0.0058136 0.0018184 0.0050152
200 202.5 205 0.0016216 0.00508 0.0014136 0.004784 0.0014712 0.0029272 0.0013008 0.0026 0.0026456 0.0016776 0.0025408 0.001548 0.001796 0.0054104 0.0017048 0.0046912
205 207.5 210 0.0015952 0.0042928 0.0014096 0.0040056 0.001436 0.0025696 0.00126 0.0022072 0.002512 0.0020176 0.002424 0.0018232 0.0017264 0.005036 0.0016264 0.0043688
210 212.5 215 0.0015784 0.0037184 0.0013776 0.0034264 0.0013992 0.0025168 0.0012168 0.002056 0.0024448 0.0023208 0.0023184 0.0021288 0.001616 0.0045344 0.001532 0.0038224
215 217.5 220 0.0014664 0.00336 0.0012856 0.0029848 0.0013512 0.0022696 0.0012144 0.0018808 0.0022536 0.0025648 0.0021544 0.002324 0.001608 0.0040296 0.0015176 0.0035264
220 222.5 225 0.0014512 0.0029632 0.0012488 0.002588 0.0012472 0.002108 0.0011184 0.0016944 0.00224 0.0028184 0.0021368 0.0025736 0.0015184 0.0036872 0.00144 0.0030952
225 227.5 230 0.0014048 0.002736 0.0012488 0.0023024 0.001212 0.0020424 0.0010656 0.0016408 0.0021448 0.0031104 0.002032 0.0028352 0.0014392 0.00342 0.001376 0.0029312
230 232.5 235 0.0013848 0.0025064 0.0012096 0.0021144 0.0012 0.0019344 0.0010784 0.0016288 0.0021352 0.0032728 0.0019672 0.002944 0.0014272 0.003124 0.0013808 0.002628
235 237.5 240 0.0013408 0.0022336 0.0011472 0.001864 0.0011504 0.0018976 0.0010424 0.001524 0.0020584 0.0034184 0.0019272 0.0030784 0.0013176 0.0029488 0.0012864 0.0024592
240 242.5 245 0.0012176 0.0021784 0.0010904 0.0018248 0.001156 0.0018632 0.0010312 0.0014728 0.001888 0.00356 0.0017768 0.003236 0.0012944 0.0027016 0.0012432 0.002188
245 247.5 250 0.001164 0.0021224 0.0010296 0.001708 0.001056 0.0017184 0.0009752 0.0013784 0.0018632 0.0035344 0.0017224 0.00314 0.0012448 0.0025608 0.0011712 0.002104
250 252.5 255 0.0012176 0.0019352 0.0010848 0.0015936 0.0010664 0.001648 0.000992 0.001316 0.0018248 0.0035656 0.0016808 0.0031376 0.0012352 0.002352 0.001168 0.0019984
255 257.5 260 0.0011096 0.0019256 0.0010048 0.0015392 0.0010192 0.0015736 0.0009472 0.001248 0.0018832 0.0035424 0.0017152 0.003108 0.0011352 0.00228 0.0011248 0.0018896
260 262.5 265 0.0011 0.0018328 0.00102 0.001472 0.0009784 0.0015632 0.000908 0.0012536 0.001704 0.0034792 0.0015872 0.0030464 0.0010816 0.0021792 0.0010952 0.001768
265 267.5 270 0.001024 0.001764 0.0009296 0.0013672 0.000924 0.0014848 0.0008704 0.0011784 0.0016272 0.003468 0.0015008 0.0030184 0.001112 0.0020584 0.0010608 0.0017288
270 272.5 275 0.0010112 0.00164 0.000908 0.0013192 0.0008592 0.0014336 0.000804 0.0011336 0.0015632 0.0034952 0.001444 0.0030144 0.0010904 0.00198 0.001048 0.0016584
275 277.5 280 0.001016 0.0015696 0.0009192 0.0012384 0.0008496 0.0013696 0.0007896 0.0011136 0.0015992 0.0032896 0.001476 0.0028416 0.000996 0.0019024 0.0009792 0.0015512
280 282.5 285 0.0009856 0.001572 0.0009024 0.0012208 0.000844 0.0013264 0.0007984 0.001032 0.0015464 0.003236 0.001428 0.002796 0.0010136 0.0017608 0.0009976 0.001428
285 287.5 290 0.0009376 0.0015272 0.0008656 0.0011696 0.0008504 0.0013024 0.0008032 0.001068 0.0014912 0.003176 0.0013984 0.0027056 0.0009992 0.0017536 0.0009536 0.0014464
290 292.5 295 0.000924 0.0014416 0.0008424 0.0011352 0.000832 0.0012392 0.0007848 0.0009704 0.0014256 0.0031456 0.0013024 0.0026392 0.0009016 0.0016832 0.0008944 0.0013208
295 297.5 300 0.0008624 0.0014192 0.0007752 0.0011072 0.0007648 0.0012304 0.0006936 0.0009688 0.0013912 0.0029608 0.0012776 0.002496 0.0008824 0.0015888 0.0008544 0.001284
300 302.5 305 0.0008728 0.0013896 0.0007896 0.0011072 0.000756 0.0012832 0.0006864 0.0009608 0.0013272 0.0028416 0.0012416 0.0023808 0.0008632 0.0015912 0.0008584 0.001312
305 307.5 310 0.0008328 0.0013168 0.0007704 0.0010072 0.0007736 0.0011872 0.0007208 0.000896 0.0013208 0.0027728 0.001228 0.0023088 0.0008216 0.0014992 0.0007976 0.0012024
310 312.5 315 0.000808 0.0013312 0.000736 0.0010304 0.0006904 0.0011184 0.0006336 0.0008576 0.00126 0.0027024 0.0011504 0.002208 0.0008208 0.0014656 0.0007968 0.0011768
315 317.5 320 0.0007784 0.0012528 0.0007224 0.000948 0.0006952 0.0011112 0.0006344 0.000876 0.0012424 0.0025488 0.0011576 0.0020872 0.0008136 0.0014152 0.0007824 0.0011184
320 322.5 325 0.0007328 0.0012192 0.0006856 0.0009328 0.0006976 0.0011048 0.0006432 0.0008456 0.0012048 0.0025608 0.0011088 0.0020576 0.0007592 0.0013192 0.0007648 0.0010152
325 327.5 330 0.0007248 0.0011888 0.0006504 0.0009152 0.0005976 0.001044 0.0005504 0.0008 0.001196 0.0023416 0.0011072 0.001908 0.0007864 0.0012704 0.0007384 0.0010056
330 332.5 335 0.0006576 0.0011632 0.0006 0.0009072 0.0006592 0.0010288 0.0006216 0.0008272 0.0010488 0.0022784 0.0009672 0.0018544 0.0007192 0.0011896 0.0006816 0.0009608
335 337.5 340 0.0007392 0.00112 0.00066 0.0008448 0.0006336 0.000956 0.0005936 0.0007576 0.001192 0.0022512 0.0011328 0.0017952 0.000684 0.0012184 0.0006488 0.0009816
340 342.5 345 0.0006984 0.0010736 0.0006352 0.0008352 0.000616 0.00102 0.0005952 0.0007464 0.0010808 0.0021672 0.0009912 0.0017008 0.000664 0.0012248 0.0006768 0.0009904
345 347.5 350 0.0006648 0.0010672 0.000604 0.000812 0.0005632 0.0009216 0.000532 0.0007024 0.0010488 0.0020488 0.0009584 0.0016408 0.0006552 0.0011784 0.0006416 0.0009392
350 352.5 355 0.0006392 0.001092 0.0005928 0.0008096 0.0005728 0.0008768 0.0005288 0.0006872 0.0010128 0.002084 0.0009328 0.0016584 0.0006224 0.001108 0.0006176 0.0009328
355 357.5 360 0.0006512 0.0010376 0.0005992 0.000776 0.0005208 0.0008736 0.0004784 0.0007232 0.0009544 0.0019008 0.0008976 0.001524 0.0006016 0.0010752 0.0005976 0.0008672
360 362.5 365 0.0005904 0.0010208 0.0005496 0.0007752 0.00052 0.0008064 0.0004736 0.0006288 0.0009608 0.0018752 0.0008856 0.0014808 0.0006144 0.0010672 0.0006032 0.0008656
365 367.5 370 0.0005832 0.0009616 0.0005256 0.0007448 0.0004912 0.0008208 0.0004872 0.0006328 0.0009512 0.0018288 0.0008768 0.0014288 0.0006 0.0009848 0.0005728 0.000788
370 372.5 375 0.000536 0.0009 0.0004896 0.0006832 0.0004856 0.0008168 0.0004704 0.000624 0.0009112 0.0017856 0.0008544 0.0013952 0.0005304 0.0010376 0.0005168 0.0008088
375 377.5 380 0.0005608 0.0008544 0.0005336 0.0006664 0.0004832 0.0008272 0.0004456 0.0006448 0.0009088 0.0017128 0.0008336 0.00132 0.0005616 0.0009584 0.0005592 0.0007432
380 382.5 385 0.000492 0.0008928 0.0004576 0.0007064 0.0004568 0.0007784 0.0004536 0.000588 0.0008472 0.0016192 0.0007976 0.0012584 0.000528 0.0009584 0.0005152 0.0007752
385 387.5 390 0.0005352 0.0008648 0.0004896 0.000668 0.0004672 0.0007968 0.00042 0.0006176 0.0007872 0.0016304 0.00074 0.0012464 0.0005064 0.000916 0.000476 0.0007368
390 392.5 395 0.0005288 0.0007976 0.0004888 0.0006296 0.0004672 0.0007112 0.0004248 0.0005704 0.0008144 0.0015728 0.0007768 0.0012072 0.0004824 0.0009104 0.000468 0.0007296
395 397.5 400 0.0004712 0.0008352 0.0004208 0.0006248 0.00046 0.0007536 0.0004272 0.0005904 0.0008112 0.00148 0.0007472 0.0011424 0.0004728 0.0009456 0.00046 0.0007424
