# ../merge-hist.pl highlumi_kt_r0.4_iseq01 highlumi_kt_r0.4_iseq02 highlumi_kt_r0.4_iseq03 highlumi_kt_r0.4_iseq04 highlumi_kt_r0.4_iseq05
# nev = 250000
0 2.5 5 0.0002936 0.0044768 0.0014832 0.0365784 0.0002944 0.0044768 0.0014864 0.0365784 0 0.0028288 0.002456 0.0417312 0 0.0028288 0.002456 0.0417312
5 7.5 10 4.48e-05 0 0.0002168 0 6.56e-05 0 0.0003008 0 0 0 1.6e-06 0 7.2e-06 0 1.68e-05 0
10 12.5 15 0.0002568 0 0.000896 0 0.0003704 0 0.0011184 0 1.04e-05 0 2e-05 0 8.64e-05 0 0.0001256 0
15 17.5 20 0.0007848 0 0.0018088 0 0.0009976 8e-07 0.0020392 8e-07 6.08e-05 0 0.0001384 0 0.0004288 1.6e-06 0.0006096 0
20 22.5 25 0.0013936 8e-07 0.0022792 2.4e-06 0.0015944 1.6e-06 0.0023848 2.4e-06 0.0002112 0 0.0004752 0 0.0009584 0 0.001352 8e-07
25 27.5 30 0.0019568 2.4e-06 0.0024392 4e-06 0.0021496 2.4e-06 0.002604 5.6e-06 0.0005384 0 0.0009688 0 0.0015992 1.6e-06 0.0019896 8e-07
30 32.5 35 0.0022584 5.6e-06 0.0026088 8.8e-06 0.0025136 6.4e-06 0.0027632 1.2e-05 0.0009592 0 0.0014216 8e-07 0.002156 3.2e-06 0.002536 8e-07
35 37.5 40 0.0028136 9.6e-06 0.0029352 1.68e-05 0.0030312 1.12e-05 0.003104 1.76e-05 0.0013384 0 0.0017504 8e-07 0.0027072 8e-06 0.0028664 5.6e-06
40 42.5 45 0.0032632 1.12e-05 0.0033096 2.64e-05 0.0035744 1.92e-05 0.0036352 3.84e-05 0.0017368 1.6e-06 0.0020488 1.6e-06 0.0033192 8.8e-06 0.0033712 9.6e-06
45 47.5 50 0.004056 4e-05 0.0040592 4.88e-05 0.0045888 4e-05 0.0045008 4.96e-05 0.0021368 4e-06 0.0023896 6.4e-06 0.0040576 2.16e-05 0.0041272 2.72e-05
50 52.5 55 0.0050208 4.4e-05 0.00496 5.68e-05 0.0055384 7.04e-05 0.0054376 7.84e-05 0.0026352 3.2e-06 0.0027776 1.2e-05 0.0048216 5.44e-05 0.0047768 4.64e-05
55 57.5 60 0.0062808 8.64e-05 0.0062688 8.88e-05 0.0069232 0.0001016 0.0067848 9.36e-05 0.0031352 1.2e-05 0.0032504 1.76e-05 0.0059712 8.4e-05 0.0058896 6.24e-05
60 62.5 65 0.0076976 0.0001208 0.007604 0.0001176 0.008736 0.0001608 0.0086208 0.0001472 0.0037368 3.04e-05 0.0037824 3.36e-05 0.0073936 0.0001192 0.007172 8.16e-05
65 67.5 70 0.0098344 0.0001608 0.0097456 0.0001624 0.0111728 0.0002024 0.0110024 0.0001792 0.0045648 4.56e-05 0.0045928 4.72e-05 0.0092984 0.0001712 0.0090008 0.000124
70 72.5 75 0.0132608 0.0002184 0.0130232 0.0002 0.0154528 0.000268 0.0150448 0.000256 0.0054448 5.36e-05 0.005464 5.28e-05 0.0120592 0.0002112 0.011732 0.0001544
75 77.5 80 0.019392 0.0002944 0.0189 0.000284 0.0206568 0.0003768 0.0201744 0.0003136 0.0069864 7.92e-05 0.0070176 6.96e-05 0.0144064 0.0003008 0.0139464 0.000204
80 82.5 85 0.0169912 0.0004368 0.0165232 0.0003464 0.0135816 0.0004752 0.0132368 0.0003768 0.0092264 0.0001048 0.0092152 0.0001072 0.0137712 0.0004624 0.013488 0.0003088
85 87.5 90 0.0081968 0.0005192 0.0080832 0.0004408 0.0061088 0.0006408 0.0060952 0.0005248 0.0114336 0.0001704 0.0113328 0.0001328 0.0104256 0.0006024 0.0102024 0.0003752
90 92.5 95 0.0047696 0.0007176 0.0047736 0.0006096 0.0039592 0.0008616 0.0039936 0.000696 0.0119416 0.0002256 0.0117104 0.0001904 0.007276 0.0007648 0.0071904 0.0004832
95 97.5 100 0.003656 0.0009272 0.0037128 0.0007496 0.003332 0.0011152 0.003388 0.000908 0.010672 0.0002736 0.0104832 0.0002216 0.005176 0.0009872 0.005104 0.0006312
100 102.5 105 0.0031192 0.0011328 0.0031112 0.0009248 0.0030088 0.00136 0.002976 0.0010808 0.0086472 0.0004216 0.0084736 0.0003184 0.0040704 0.0011968 0.0040608 0.0008136
105 107.5 110 0.002888 0.0014176 0.0028624 0.001188 0.0027488 0.0016208 0.0027536 0.0013512 0.0068768 0.0004576 0.0067432 0.0003208 0.0036048 0.0014512 0.0035792 0.0009832
110 112.5 115 0.0027264 0.0017544 0.0026968 0.0014848 0.0026736 0.0020888 0.0026488 0.0017592 0.0054168 0.0006496 0.0053312 0.0004736 0.0031688 0.0017688 0.0031384 0.0013048
115 117.5 120 0.0025472 0.0021872 0.0025088 0.0018696 0.002444 0.0025128 0.0023984 0.0021504 0.0044696 0.00074 0.0043632 0.0005744 0.0028816 0.0021768 0.0028424 0.001548
120 122.5 125 0.0024368 0.0025688 0.0023608 0.0022896 0.0024176 0.002996 0.0023416 0.0025848 0.003848 0.0009088 0.003736 0.000708 0.0027344 0.002604 0.0026832 0.0019136
125 127.5 130 0.0023024 0.0032232 0.0022488 0.0028288 0.0021992 0.0036568 0.0021752 0.0032456 0.0034664 0.0011224 0.0033856 0.0008856 0.0025368 0.0031416 0.002484 0.002376
130 132.5 135 0.0021832 0.0037248 0.0020896 0.0033336 0.0020912 0.0042616 0.0020096 0.0038752 0.0029544 0.0014152 0.0028872 0.0010672 0.0024528 0.0037208 0.0024528 0.0029464
135 137.5 140 0.0020376 0.0044056 0.0019752 0.0041104 0.0020384 0.005144 0.0019656 0.0046928 0.0028112 0.0016696 0.002704 0.0013384 0.0023136 0.0044824 0.0022712 0.00358
140 142.5 145 0.0019544 0.0052696 0.0018904 0.004804 0.0019104 0.006064 0.0018472 0.0054512 0.0026616 0.0020608 0.0025696 0.0016392 0.00224 0.0051 0.0021784 0.0041408
145 147.5 150 0.0019616 0.0062368 0.0018784 0.005636 0.0018952 0.0069928 0.0018424 0.0062984 0.0025056 0.0023736 0.0023888 0.0019128 0.0020728 0.0059872 0.0020344 0.0049488
150 152.5 155 0.0018208 0.0072144 0.0017408 0.0064568 0.0017192 0.0081696 0.0016616 0.0071352 0.0023832 0.0027968 0.002344 0.0023072 0.0020312 0.006856 0.0020104 0.0057384
155 157.5 160 0.0017032 0.0084264 0.0016624 0.0074136 0.001652 0.0095776 0.0015896 0.008384 0.002216 0.0033912 0.002132 0.0028192 0.0018968 0.0082064 0.0018776 0.0068208
160 162.5 165 0.0016336 0.0100504 0.0015672 0.0088128 0.001696 0.0114168 0.0016128 0.0100096 0.0021496 0.003856 0.0020576 0.0033008 0.0018048 0.0091336 0.001772 0.0076792
165 167.5 170 0.001612 0.011928 0.001512 0.0104632 0.0015984 0.0131928 0.0015296 0.0116008 0.0020504 0.0045064 0.001988 0.0037824 0.0017528 0.0096752 0.0016944 0.0081352
170 172.5 175 0.001592 0.0130024 0.0015408 0.0115104 0.0015768 0.011828 0.0015328 0.0105408 0.0020048 0.0052608 0.001952 0.0044992 0.0017688 0.009664 0.0017176 0.0082304
175 177.5 180 0.0015768 0.0097272 0.001496 0.0086072 0.0015304 0.0072672 0.0014728 0.0063944 0.0019096 0.0063064 0.0018336 0.0053912 0.0016176 0.0083408 0.0016064 0.0072352
180 182.5 185 0.0014952 0.006076 0.0014632 0.0052856 0.0014688 0.0041632 0.0014184 0.0036224 0.0018248 0.0070784 0.0017392 0.0060656 0.0016432 0.0067904 0.0016128 0.0058504
185 187.5 190 0.0014592 0.0040832 0.0013832 0.0034992 0.001404 0.0031016 0.0013224 0.0026136 0.0017176 0.0077768 0.001668 0.00662 0.0014904 0.005248 0.0014568 0.0045288
190 192.5 195 0.0014056 0.00306 0.0013216 0.0026008 0.0013056 0.0025368 0.0012544 0.002216 0.0017256 0.0078144 0.0016656 0.0067304 0.001508 0.0042872 0.0014744 0.0036544
195 197.5 200 0.0013096 0.002656 0.0012408 0.002248 0.0013256 0.0023104 0.0012624 0.0019312 0.0017008 0.0074016 0.001616 0.006348 0.0013584 0.0035672 0.0013256 0.0029704
200 202.5 205 0.0013064 0.0023832 0.0012552 0.0019856 0.001264 0.0022 0.001196 0.0018 0.00152 0.0068776 0.0014672 0.0058344 0.0013096 0.0029616 0.0013008 0.0024032
205 207.5 210 0.0011952 0.0021384 0.0011392 0.0017808 0.0011848 0.0019176 0.0011632 0.001596 0.0015224 0.0061912 0.0014816 0.0052424 0.001348 0.0026456 0.0013032 0.0022232
210 212.5 215 0.0011976 0.002016 0.0011624 0.0016496 0.0011456 0.001868 0.0011176 0.0015376 0.0014592 0.0053584 0.0014048 0.00454 0.001264 0.00242 0.0012176 0.0020128
215 217.5 220 0.0011368 0.00184 0.0010904 0.0014664 0.0011016 0.0018272 0.0010592 0.0014928 0.00142 0.004768 0.0013672 0.003964 0.0011256 0.0021696 0.00112 0.001732
220 222.5 225 0.0011408 0.0017936 0.0011024 0.0014744 0.0011376 0.0017616 0.0010912 0.0014352 0.001428 0.00402 0.00136 0.003296 0.0012064 0.0021056 0.0011872 0.00178
225 227.5 230 0.0010448 0.0016944 0.0010104 0.0014008 0.0009904 0.001632 0.000972 0.0013416 0.0012816 0.0035472 0.0012328 0.0029232 0.0011504 0.0019776 0.0011152 0.0016304
230 232.5 235 0.0010592 0.0016544 0.0010176 0.0013384 0.0010656 0.0016488 0.001024 0.0013624 0.0012552 0.0031136 0.001192 0.0025392 0.0010936 0.0018952 0.0010736 0.0015248
235 237.5 240 0.0010352 0.0016192 0.0009904 0.0013304 0.0009472 0.0015504 0.0009064 0.0012568 0.0012544 0.002904 0.0011952 0.0023232 0.001084 0.0018552 0.0010552 0.001516
240 242.5 245 0.0009648 0.0016336 0.0009104 0.0013248 0.0009816 0.0015576 0.0009312 0.0012688 0.0011544 0.0025792 0.001112 0.0020744 0.000984 0.0017688 0.0009872 0.001404
245 247.5 250 0.0009296 0.0014992 0.0008896 0.001216 0.0009352 0.0014728 0.0008896 0.0012128 0.0011752 0.0023232 0.00112 0.001872 0.0010592 0.0015792 0.0010072 0.0013224
250 252.5 255 0.0009648 0.0014648 0.000928 0.0011944 0.000904 0.001332 0.0008824 0.0010968 0.0011528 0.0022872 0.001104 0.0018392 0.0009744 0.0015656 0.0009616 0.001284
255 257.5 260 0.0008712 0.0013616 0.0008384 0.0011208 0.000888 0.0013552 0.0008608 0.0011032 0.0011264 0.0021296 0.0011024 0.0016936 0.0009176 0.0015928 0.0009152 0.0013264
260 262.5 265 0.0008848 0.0013392 0.0008488 0.001076 0.0008536 0.001344 0.000828 0.0010712 0.0010664 0.0020984 0.0010256 0.001632 0.0009488 0.0015152 0.0009304 0.0011944
265 267.5 270 0.000852 0.0013736 0.0008312 0.0010928 0.0008608 0.0013096 0.0008424 0.0010472 0.0010592 0.0018536 0.0010328 0.0014608 0.0008688 0.0014336 0.0008648 0.0011152
270 272.5 275 0.0008056 0.0012936 0.00078 0.0010248 0.0008024 0.0012792 0.0007616 0.0010288 0.001008 0.0017952 0.0009824 0.001436 0.0008776 0.00136 0.0008624 0.0010936
275 277.5 280 0.000808 0.0012672 0.0007728 0.0009936 0.000752 0.001216 0.0007264 0.0009712 0.0009872 0.001676 0.0009456 0.001344 0.000824 0.0013832 0.00082 0.0011016
280 282.5 285 0.0007768 0.0011952 0.000752 0.0009648 0.0007368 0.0011704 0.0007024 0.0009144 0.0009288 0.0016776 0.0008808 0.0013144 0.0007608 0.0013512 0.000724 0.0011072
285 287.5 290 0.000736 0.0011744 0.0006912 0.0009232 0.0007168 0.0011712 0.000684 0.0009112 0.0009592 0.001576 0.0009168 0.001268 0.00078 0.0012568 0.0007536 0.0010024
290 292.5 295 0.000688 0.0011784 0.000676 0.0009112 0.000704 0.001144 0.0006952 0.0009032 0.0008944 0.0015424 0.0008768 0.001204 0.0007352 0.001268 0.0007232 0.0010104
295 297.5 300 0.0006952 0.001128 0.000672 0.000876 0.0006504 0.0010512 0.0006344 0.0008176 0.0008808 0.0014568 0.0008416 0.0011632 0.000724 0.0012008 0.00072 0.0009536
300 302.5 305 0.0006808 0.0010472 0.0006592 0.0008392 0.000664 0.000968 0.0006352 0.0007792 0.0008408 0.0014416 0.0007936 0.001124 0.0007216 0.00114 0.0007112 0.0009
305 307.5 310 0.0006568 0.0010304 0.0006368 0.0007896 0.0006528 0.001004 0.0006304 0.0007544 0.0008464 0.0013888 0.0008208 0.0010904 0.0006512 0.0010872 0.0006496 0.0008472
310 312.5 315 0.0006416 0.0009944 0.000596 0.0007704 0.0006016 0.0010184 0.0005752 0.0008088 0.000756 0.0012824 0.000728 0.0010088 0.0006712 0.0010904 0.000652 0.0008608
315 317.5 320 0.0006144 0.0009936 0.0005936 0.0007792 0.0005776 0.0009872 0.0005768 0.0007696 0.0007592 0.0012728 0.0007368 0.0010216 0.0006536 0.0010312 0.000628 0.000808
320 322.5 325 0.0005816 0.0009928 0.0005528 0.0007584 0.0005504 0.0009248 0.0005064 0.0007208 0.000752 0.001292 0.0007192 0.0009856 0.0006288 0.001084 0.000596 0.0008616
325 327.5 330 0.0006072 0.0009256 0.0005736 0.0007208 0.0005736 0.0009192 0.0005528 0.0007176 0.0007256 0.0012152 0.0006848 0.0009224 0.0005704 0.001004 0.0005568 0.0008176
330 332.5 335 0.0005576 0.0009192 0.0005336 0.0007168 0.0005624 0.0008976 0.0005208 0.0006744 0.0007272 0.0011392 0.0006976 0.0008928 0.0006064 0.000956 0.0005808 0.000764
335 337.5 340 0.0005128 0.0009088 0.0004912 0.0006992 0.0005352 0.0008528 0.0005312 0.0006608 0.0006608 0.001124 0.0006352 0.0009136 0.0005888 0.0009384 0.0005696 0.000744
340 342.5 345 0.0005552 0.0009216 0.0005384 0.0007112 0.0005352 0.0008448 0.0005152 0.0006632 0.0007176 0.0011344 0.0006848 0.0008904 0.0005256 0.0009464 0.0005088 0.0007208
345 347.5 350 0.0005376 0.000784 0.000516 0.000584 0.0004888 0.0007608 0.0004792 0.000592 0.0006688 0.0010976 0.0006288 0.0008216 0.0005112 0.0009416 0.000496 0.0007024
350 352.5 355 0.0004936 0.0008016 0.0004864 0.000616 0.0004936 0.000796 0.0004824 0.0006184 0.0006224 0.0010976 0.0005936 0.0008408 0.0005224 0.0008608 0.0005056 0.000664
355 357.5 360 0.000472 0.0007776 0.0004456 0.0006256 0.00048 0.000784 0.0004624 0.0005984 0.000604 0.0010472 0.0005784 0.0008128 0.0004896 0.0008192 0.0004768 0.0006504
360 362.5 365 0.000464 0.0007728 0.0004384 0.0005872 0.0004864 0.0007504 0.0004536 0.0005664 0.000544 0.0010064 0.0005152 0.0007768 0.000508 0.0008184 0.0004896 0.000648
365 367.5 370 0.0004776 0.0007472 0.0004464 0.0005568 0.0004496 0.000772 0.0004192 0.0005904 0.00056 0.0010416 0.0005248 0.00078 0.000476 0.000836 0.0004704 0.000636
370 372.5 375 0.00046 0.0007568 0.0004424 0.0005856 0.0004544 0.0007432 0.0004448 0.0005744 0.0005968 0.0010008 0.0005616 0.000752 0.000484 0.0008168 0.0004664 0.0006144
375 377.5 380 0.0004592 0.0007384 0.0004384 0.0005688 0.0004032 0.0007368 0.0003848 0.00056 0.0005792 0.0009128 0.0005432 0.0006944 0.0004112 0.0007992 0.000408 0.0006192
380 382.5 385 0.0004384 0.0007296 0.0004216 0.0005464 0.0004248 0.0006608 0.00042 0.0005112 0.0005464 0.00092 0.0005104 0.0007 0.0004496 0.0007824 0.0004456 0.000588
385 387.5 390 0.0003648 0.000716 0.000356 0.0005576 0.0003632 0.0006648 0.0003496 0.0005176 0.0005624 0.0009008 0.0005392 0.0006872 0.000396 0.0007744 0.0003856 0.0005928
390 392.5 395 0.0003912 0.0006408 0.0003808 0.000492 0.000376 0.0006664 0.0003656 0.0005088 0.0005008 0.0009176 0.0004696 0.0007 0.0004008 0.0007272 0.0003904 0.0005584
395 397.5 400 0.0003864 0.0006952 0.000372 0.0005432 0.0003592 0.000656 0.000352 0.0005152 0.0004848 0.0008352 0.000472 0.0006304 0.000364 0.000684 0.0003712 0.0005296
