# ../merge-hist.pl highlumi_kt_r0.55_iseq01 highlumi_kt_r0.55_iseq02 highlumi_kt_r0.55_iseq03 highlumi_kt_r0.55_iseq04 highlumi_kt_r0.55_iseq05
# nev = 250000
0 2.5 5 0.000284 0.0063352 0.0014624 0.0353672 0.0002856 0.0063352 0.0014704 0.0353672 0 0.0044928 0.002744 0.0432944 0 0.0044928 0.002744 0.0432944
5 7.5 10 9.6e-06 0 2.48e-05 0 3.76e-05 0 7.52e-05 0 0 0 0 0 1.6e-06 0 4e-06 0
10 12.5 15 6.08e-05 0 0.0001448 0 0.0001816 0 0.0003392 0 0 0 0 0 1.84e-05 0 2.24e-05 0
15 17.5 20 0.0002296 0 0.0005136 0 0.0004816 0 0.0009208 0 1.6e-06 0 8e-07 0 8.8e-05 0 8.72e-05 0
20 22.5 25 0.0005216 0 0.0010128 0 0.000972 8e-07 0.0014552 1.6e-06 1.12e-05 0 2.32e-05 0 0.0002752 0 0.0002944 0
25 27.5 30 0.0009376 8e-07 0.0014656 1.6e-06 0.0014912 0 0.0019488 8e-07 4e-05 0 7.12e-05 0 0.0006176 2.4e-06 0.0007208 8e-07
30 32.5 35 0.001384 0 0.0018176 8e-07 0.0019992 5.6e-06 0.0023128 3.2e-06 9.92e-05 0 0.000172 0 0.0011512 8e-07 0.0012632 0
35 37.5 40 0.0019096 4.8e-06 0.0022456 4.8e-06 0.0024936 3.2e-06 0.0026904 5.6e-06 0.00024 8e-07 0.000396 0 0.0016064 1.6e-06 0.0017304 0
40 42.5 45 0.0023048 2.4e-06 0.002568 8.8e-06 0.00302 9.6e-06 0.0031208 1.52e-05 0.00044 0 0.0006576 0 0.0022712 5.6e-06 0.0023208 8e-07
45 47.5 50 0.0029024 6.4e-06 0.0030584 1.2e-05 0.0038496 2e-05 0.003904 2.16e-05 0.000656 0 0.0008944 0 0.002924 6.4e-06 0.0029528 7.2e-06
50 52.5 55 0.0035712 1.52e-05 0.0036816 1.68e-05 0.0047336 4.64e-05 0.0046896 4.56e-05 0.0009968 1.6e-06 0.0012208 8e-07 0.0035184 1.6e-05 0.0035224 7.2e-06
55 57.5 60 0.0044784 3.68e-05 0.0045464 3.92e-05 0.0058904 5.36e-05 0.005904 5.36e-05 0.0012912 0 0.0014944 8e-07 0.0044072 2.56e-05 0.0044016 9.6e-06
60 62.5 65 0.0054272 4.8e-05 0.0055776 4.56e-05 0.0073848 8.16e-05 0.0073864 7.04e-05 0.0016736 2.4e-06 0.0018392 4e-06 0.0053248 4.64e-05 0.0053168 2e-05
65 67.5 70 0.0069888 6.72e-05 0.0070952 6.88e-05 0.009936 0.0001352 0.009944 0.0001168 0.0021736 2.4e-06 0.0023192 4e-06 0.006764 6.8e-05 0.0065888 4.08e-05
70 72.5 75 0.0093 9.76e-05 0.0094144 9.92e-05 0.0144072 0.0001776 0.0144176 0.0001488 0.002568 2.4e-06 0.0027224 3.2e-06 0.0088056 9.36e-05 0.0084808 4.96e-05
75 77.5 80 0.0148032 0.0001304 0.015 0.0001408 0.0202128 0.000248 0.0204392 0.0002 0.0032632 7.2e-06 0.0034216 7.2e-06 0.011136 0.000152 0.0107184 8.4e-05
80 82.5 85 0.019108 0.0001824 0.0195176 0.0001656 0.0143208 0.0003088 0.014648 0.0002528 0.0040608 1.2e-05 0.0042248 1.28e-05 0.0124328 0.0002048 0.0121248 0.0001344
85 87.5 90 0.0126864 0.0002592 0.0128208 0.000212 0.0074664 0.0004504 0.0076784 0.0003536 0.00528 3.04e-05 0.0054136 2.32e-05 0.0115312 0.0002888 0.0114608 0.0001664
90 92.5 95 0.0078096 0.0003416 0.0079672 0.0003 0.0048544 0.0005576 0.0049864 0.0004112 0.0066608 2.88e-05 0.006824 3.36e-05 0.0097712 0.0003896 0.0097352 0.0002184
95 97.5 100 0.0054936 0.000476 0.0055952 0.0003768 0.0038168 0.0007616 0.0039024 0.0005888 0.007996 5.04e-05 0.0081904 4.4e-05 0.0076056 0.0005456 0.0076168 0.0002832
100 102.5 105 0.0041872 0.0005992 0.0042192 0.000492 0.0034256 0.0009728 0.0034368 0.000752 0.0082112 6.96e-05 0.0083472 6.24e-05 0.0060808 0.0006848 0.0061264 0.0003832
105 107.5 110 0.003644 0.0007344 0.0036176 0.0005928 0.003136 0.0011912 0.0031368 0.0009288 0.00812 9.92e-05 0.0082896 8.8e-05 0.0048768 0.0008528 0.004888 0.000544
110 112.5 115 0.0032312 0.000976 0.0031952 0.0008056 0.00274 0.0014768 0.002748 0.0011784 0.0077568 0.0001416 0.007836 0.0001112 0.0042888 0.001028 0.0043432 0.0006472
115 117.5 120 0.0028864 0.0012144 0.002848 0.0010584 0.0026176 0.0018152 0.0025624 0.0015016 0.0070128 0.0001816 0.0070752 0.00014 0.0037664 0.0013104 0.0038312 0.0008888
120 122.5 125 0.0027096 0.0014296 0.0026824 0.0012352 0.0024912 0.0021664 0.0024656 0.0018776 0.0063136 0.0002328 0.0063008 0.000164 0.0033496 0.0015672 0.0033272 0.0010632
125 127.5 130 0.002588 0.0018128 0.00248 0.0015744 0.0023608 0.0027504 0.0022888 0.0024184 0.0057904 0.0003144 0.005732 0.0002168 0.0030816 0.0019016 0.0030696 0.0013336
130 132.5 135 0.0024184 0.0022344 0.0023456 0.0020288 0.0022568 0.0031792 0.0021752 0.0028776 0.0049752 0.0003608 0.0049416 0.0002856 0.0028712 0.0023248 0.00286 0.0016368
135 137.5 140 0.002324 0.0026464 0.0022088 0.002468 0.0021912 0.0039088 0.0020864 0.0035408 0.0045432 0.0004904 0.0044616 0.0003624 0.00264 0.0027216 0.0026248 0.0019968
140 142.5 145 0.0021992 0.0031296 0.0020768 0.0029624 0.0021112 0.004692 0.0020232 0.0043152 0.004132 0.0006248 0.0040672 0.0005064 0.0026456 0.0032664 0.0026032 0.0024912
145 147.5 150 0.0021768 0.0038392 0.0020368 0.003636 0.0020168 0.0056032 0.0019152 0.00522 0.0036816 0.0007352 0.0036096 0.0005616 0.0023896 0.0039 0.002332 0.0030336
150 152.5 155 0.0019264 0.0045352 0.0018488 0.0042488 0.0019208 0.0067328 0.0018392 0.0060976 0.0033576 0.0008688 0.003284 0.000668 0.0022832 0.0045664 0.0022752 0.0036136
155 157.5 160 0.001992 0.0055672 0.0019 0.0051872 0.0018352 0.0083616 0.0017128 0.0075712 0.0031256 0.0010912 0.0030416 0.000888 0.0022296 0.0055704 0.0022208 0.0044776
160 162.5 165 0.00184 0.006892 0.0017264 0.0063256 0.0017592 0.0105064 0.0016528 0.0096656 0.0028552 0.0013568 0.002748 0.0011104 0.0021216 0.006556 0.002068 0.0053296
165 167.5 170 0.0018448 0.0086704 0.0017128 0.0080048 0.0017616 0.012808 0.0016904 0.01178 0.0027472 0.0016264 0.0026496 0.0013056 0.002016 0.00756 0.0020016 0.0062728
170 172.5 175 0.0017728 0.0114616 0.0016416 0.0106472 0.0017264 0.0126536 0.001588 0.0118992 0.002676 0.001848 0.0026056 0.0015072 0.0019304 0.008264 0.0018792 0.006904
175 177.5 180 0.0017112 0.0123968 0.001608 0.0116576 0.0016696 0.008612 0.0015528 0.0080672 0.002452 0.0022072 0.0023624 0.0018192 0.001796 0.0082488 0.0017184 0.0070296
180 182.5 185 0.00168 0.0095248 0.00158 0.00886 0.0015336 0.005572 0.0014064 0.005104 0.0023936 0.0027096 0.0023088 0.0022984 0.0017488 0.0079136 0.0017016 0.0068192
185 187.5 190 0.001568 0.0072424 0.0014288 0.0066024 0.0015296 0.004084 0.001404 0.0036328 0.0022608 0.0031872 0.0021824 0.0028008 0.0017008 0.0071576 0.0016712 0.0061208
190 192.5 195 0.0015744 0.0054712 0.001428 0.0049112 0.0014344 0.0032776 0.0013232 0.0028848 0.0020496 0.003836 0.0019784 0.0033208 0.0016808 0.0062112 0.0016088 0.005364
195 197.5 200 0.0014656 0.0043184 0.001356 0.0038224 0.0014344 0.0028312 0.0012968 0.0024792 0.0019968 0.0044504 0.0018936 0.0039368 0.0016032 0.0054024 0.0015168 0.0046672
200 202.5 205 0.0013744 0.0035792 0.0012592 0.0030904 0.0013984 0.0025152 0.0013024 0.002148 0.0020088 0.004808 0.001876 0.004204 0.0014816 0.0045032 0.001464 0.003896
205 207.5 210 0.00144 0.0030512 0.0013088 0.0026552 0.0012248 0.0022576 0.0011248 0.0019312 0.0019128 0.0050272 0.0018496 0.0044488 0.0014784 0.0039848 0.001456 0.003344
210 212.5 215 0.0013528 0.0027248 0.0012424 0.0022872 0.0012944 0.0022 0.0012216 0.0018208 0.0018504 0.0054128 0.0017368 0.0047344 0.0014296 0.0036168 0.0014088 0.0030688
215 217.5 220 0.001284 0.00242 0.0011912 0.0020296 0.0012328 0.0019896 0.0011584 0.0016416 0.001852 0.0053864 0.00174 0.0046528 0.0014312 0.0030208 0.001388 0.0025688
220 222.5 225 0.0012712 0.0021312 0.0011808 0.0017824 0.001116 0.0018736 0.001044 0.0015512 0.001724 0.0053144 0.0016136 0.0046144 0.0013344 0.002776 0.0012976 0.0023344
225 227.5 230 0.001176 0.0020768 0.0010872 0.0017272 0.0010872 0.0018704 0.0010376 0.0015032 0.00166 0.0050504 0.0015936 0.0043344 0.0012752 0.0025112 0.0012784 0.002128
230 232.5 235 0.0011728 0.0019528 0.0010832 0.0016072 0.0011112 0.0017712 0.001056 0.001452 0.0015672 0.0048544 0.0014872 0.0041328 0.0011952 0.0024496 0.0011704 0.0019984
235 237.5 240 0.0011112 0.0018984 0.0010224 0.001532 0.0010784 0.0017144 0.0010184 0.0014136 0.0015776 0.0046976 0.0014736 0.0040352 0.001168 0.0022792 0.0011248 0.0019072
240 242.5 245 0.0011008 0.0017728 0.0010264 0.0014176 0.001024 0.0016208 0.0009736 0.0013312 0.0015024 0.0044672 0.001424 0.0038016 0.0011312 0.0021496 0.0011208 0.0017664
245 247.5 250 0.00104 0.0016976 0.0009752 0.0013784 0.0009736 0.0015944 0.0009112 0.0012888 0.001468 0.004192 0.001368 0.0035136 0.0011152 0.0019784 0.0010792 0.0016136
250 252.5 255 0.001012 0.0017072 0.00096 0.0013984 0.0009536 0.0015832 0.0009144 0.0013136 0.0014176 0.0038144 0.001348 0.0032424 0.0010168 0.001944 0.0010112 0.0015896
255 257.5 260 0.001004 0.0016216 0.000932 0.0013336 0.0008976 0.0014592 0.000868 0.0011832 0.001364 0.0035344 0.001304 0.0029472 0.0010832 0.0018712 0.0010584 0.0015872
260 262.5 265 0.0009896 0.0015448 0.000936 0.0012616 0.0009736 0.0014176 0.0009184 0.001128 0.0013176 0.0034416 0.001248 0.0028528 0.001076 0.0018008 0.001048 0.0014536
265 267.5 270 0.000936 0.0014896 0.0008888 0.001184 0.0008952 0.0013672 0.0008568 0.001092 0.0013072 0.0030912 0.0012344 0.0025528 0.0009648 0.0017568 0.0009432 0.001416
270 272.5 275 0.0008936 0.0014752 0.0008456 0.0011768 0.0008752 0.0013392 0.0008408 0.0010832 0.0012336 0.0029112 0.001168 0.0023952 0.0009528 0.0016944 0.0009272 0.0013392
275 277.5 280 0.000876 0.0014112 0.0008296 0.0011088 0.0007624 0.0013336 0.000716 0.0010784 0.0012312 0.0027648 0.001164 0.0022752 0.0009096 0.001536 0.0009088 0.001232
280 282.5 285 0.0008752 0.00134 0.0008424 0.0010528 0.0008264 0.0011784 0.0007864 0.000936 0.0012368 0.0025528 0.0011552 0.0020312 0.0008728 0.0015288 0.000832 0.0012544
285 287.5 290 0.0008128 0.0013264 0.0007592 0.0010504 0.0007512 0.0012104 0.000716 0.0009504 0.0011376 0.0024568 0.0010784 0.0019984 0.0009016 0.0014712 0.0008736 0.0011744
290 292.5 295 0.0008128 0.0012976 0.0007768 0.0010192 0.0007896 0.0012016 0.0007504 0.0009688 0.0011464 0.0023048 0.001068 0.0018312 0.0008192 0.0013848 0.0008184 0.001132
295 297.5 300 0.0007688 0.0012568 0.0007264 0.0009968 0.0007544 0.0010992 0.0007176 0.0008888 0.0010896 0.0022032 0.0010136 0.0017808 0.0008464 0.0013368 0.0008368 0.0010608
300 302.5 305 0.0007736 0.0011992 0.0007144 0.000952 0.0006792 0.0010744 0.0006464 0.0008432 0.0010288 0.0021184 0.0009784 0.0016784 0.0007704 0.0013064 0.0007432 0.0010408
305 307.5 310 0.000728 0.0011352 0.000684 0.0008928 0.00074 0.0011488 0.0007016 0.0008984 0.0010208 0.001996 0.0009728 0.0015792 0.0007768 0.0012656 0.000768 0.0010104
310 312.5 315 0.0007336 0.0010928 0.0007032 0.00082 0.0007024 0.0010552 0.0006608 0.0008144 0.000984 0.0018784 0.0009376 0.0014976 0.000696 0.0012576 0.0006992 0.0009568
315 317.5 320 0.000692 0.0011472 0.0006544 0.000884 0.0005944 0.001048 0.0005608 0.0008216 0.0010192 0.0017984 0.0009744 0.0014048 0.0007064 0.0011384 0.0006528 0.0009008
320 322.5 325 0.0007048 0.0010416 0.0006456 0.000812 0.0006048 0.0010096 0.0005608 0.0007616 0.0009304 0.001832 0.0008896 0.0014072 0.0007088 0.0011512 0.0006864 0.0009216
325 327.5 330 0.0006512 0.0010672 0.0005992 0.0008312 0.0006184 0.0009464 0.0005784 0.0007616 0.0008848 0.0016472 0.0008336 0.0012704 0.000648 0.0011144 0.0006368 0.0008688
330 332.5 335 0.000644 0.0010136 0.000592 0.0007904 0.0005992 0.0009712 0.0005576 0.0007592 0.0009 0.0016104 0.0008608 0.0012464 0.0006584 0.0011376 0.0006248 0.0008816
335 337.5 340 0.0006184 0.0009928 0.0005832 0.0007552 0.0005896 0.0009512 0.0005576 0.0007296 0.0008536 0.0016096 0.0008208 0.0012176 0.0006312 0.0010632 0.0006192 0.000876
340 342.5 345 0.0005936 0.0009752 0.0005592 0.0007504 0.000576 0.0008696 0.0005496 0.0006832 0.0008448 0.0015184 0.0008048 0.001184 0.0005896 0.0010456 0.0005824 0.0008384
345 347.5 350 0.0005968 0.0009872 0.000556 0.0007504 0.0005544 0.0008872 0.0005336 0.0006944 0.000804 0.001564 0.000752 0.0011864 0.0005976 0.0010464 0.0005992 0.0008352
350 352.5 355 0.000592 0.0008968 0.0005536 0.0007216 0.0005128 0.0008112 0.0004896 0.0006352 0.0008264 0.0014304 0.0007672 0.0011088 0.0005664 0.0009872 0.0005584 0.000776
355 357.5 360 0.0005616 0.0009296 0.0005224 0.0007232 0.0004904 0.0008352 0.0004736 0.0006312 0.0007976 0.0013848 0.0007552 0.0010608 0.0005488 0.0009592 0.00052 0.000756
360 362.5 365 0.000528 0.000796 0.0004944 0.0006016 0.0005104 0.0008152 0.0004912 0.0006336 0.0007176 0.0013352 0.0006736 0.0010112 0.0005528 0.0009008 0.0005256 0.0006952
365 367.5 370 0.0004976 0.0008296 0.0004752 0.0006504 0.0004856 0.0007976 0.000472 0.0006064 0.0007504 0.0013312 0.0007176 0.0010256 0.0005512 0.0008976 0.0005232 0.0007112
370 372.5 375 0.0004968 0.0008368 0.000484 0.000604 0.000468 0.00076 0.000436 0.0005792 0.0006856 0.0012584 0.0006552 0.0009576 0.0004976 0.0008632 0.000488 0.000696
375 377.5 380 0.0005192 0.000784 0.000492 0.000608 0.0004488 0.00074 0.000424 0.000568 0.0006208 0.0012184 0.0005968 0.0008896 0.0005 0.0008328 0.0004808 0.00068
380 382.5 385 0.000448 0.000812 0.0004264 0.0006264 0.0004072 0.0007568 0.000396 0.0005856 0.0006536 0.001204 0.0006168 0.0009088 0.0004608 0.00084 0.0004584 0.0006784
385 387.5 390 0.0004408 0.0008016 0.000408 0.0005848 0.000416 0.0007296 0.000396 0.0005712 0.0006664 0.0011432 0.0006272 0.00088 0.0004472 0.0008536 0.0004304 0.0006488
390 392.5 395 0.0004416 0.0007248 0.0004176 0.0005512 0.0004 0.0006816 0.0003928 0.0005256 0.0006048 0.0011664 0.0005576 0.000892 0.0004392 0.0008136 0.0004376 0.0006192
395 397.5 400 0.0004088 0.0007376 0.0003952 0.0005592 0.0003976 0.00072 0.0003784 0.0005392 0.0006376 0.0011144 0.000604 0.0008648 0.0004248 0.0007752 0.0004112 0.0005872
