# ./areas-test-mean-class.orig -incl 10 -repeat 15 -nev 10 -r 1.0 
#---------------------------------------------------------------------
#                      FastJet release 1.1   			 
#            Written by Matteo Cacciari and Gavin Salam		 
#            http://www.lpthe.jussieu.fr/~salam/fastjet		 
#								      	 
# Longitudinally invariant Kt Jet clustering, using the fast geometric
# algorithms of hep-ph/0512210 (please cite this if you use FastJet)  
# This package makes use of the CGAL library: http://www.cgal.org/    
# This package incorporates T.Chan's closest-pair algorithm, Proc. 13th     
# ACM-SIAM Symposium on Discrete Algorithms, pp.472-473, 2002
#---------------------------------------------------------------------
    0  -0.86731  2.90511    983.387    2.596 +-  0.067   0.258    980.365
    1   0.22380  6.04226    910.288    4.086 +-  0.066   0.257    905.532
    2  -1.16521  6.04589     70.789    4.056 +-  0.058   0.223     66.068
    3  -2.34732  1.25431     10.723    2.840 +-  0.052   0.203      7.418
    0   0.65643  4.76128   1292.631    9.141 +-  0.063   0.245   1272.277
    1  -0.36020  1.47178   1101.188    2.406 +-  0.023   0.090   1095.830
    2   0.49601  2.34612    260.652    2.977 +-  0.047   0.184    254.022
    3   3.97666  0.81393     25.164    5.881 +-  0.087   0.338     12.068
    4  -3.08412  5.18239     10.522    4.900 +-  0.083   0.321     -0.390
    5  -1.24269  4.17788     10.403    2.831 +-  0.051   0.196      4.098
    0   1.09742  6.22944   1321.933    6.161 +-  0.044   0.169   1302.525
    1   0.71575  3.11029   1288.217    2.451 +-  0.059   0.227   1280.495
    2  -3.15198  1.89754     30.100    2.096 +-  0.039   0.150     23.496
    3  -0.28585  2.05666     25.495    1.807 +-  0.048   0.186     19.802
    4  -2.58453  0.91827     20.629    1.873 +-  0.027   0.104     14.729
    5   0.32226  4.07746     18.447    1.483 +-  0.034   0.130     13.775
    6  -2.82704  4.73844     11.399    3.239 +-  0.026   0.102      1.194
    7  -3.97989  0.92165     10.587    3.361 +-  0.061   0.236      0.000
    8  -3.51447  3.61847     10.190    2.082 +-  0.025   0.096      3.632
    0  -0.91502  4.21039    960.093    4.472 +-  0.097   0.375    947.660
    1  -0.98966  1.09941    953.783    7.269 +-  0.104   0.405    933.574
    2   1.77991  0.09662     15.234    2.356 +-  0.040   0.154      8.683
    3   2.96747  5.06983     15.058    4.193 +-  0.075   0.289      3.399
    4   0.65586  5.03291     13.284    3.009 +-  0.067   0.259      4.920
    5   2.65675  3.16174     12.632    4.337 +-  0.120   0.463      0.574
    6  -2.07629  6.11513     12.372    2.742 +-  0.056   0.217      4.749
    7   0.29824  3.88769     12.204    2.136 +-  0.061   0.236      6.267
    8   1.64216  2.37815     10.671    3.261 +-  0.084   0.325      1.603
    9   0.90072  1.06965     10.384    1.491 +-  0.039   0.149      6.239
    0   0.68223  5.06885   1085.933    2.662 +-  0.053   0.206   1078.683
    1   0.98709  1.93665   1059.598    4.650 +-  0.091   0.352   1046.934
    2  -1.26567  1.43583     50.166    4.128 +-  0.053   0.204     38.925
    3   2.74643  4.56728     19.520    2.286 +-  0.078   0.301     13.295
    4   2.08747  3.66088     14.242    3.277 +-  0.070   0.271      5.319
    5  -3.02082  1.36250     10.888    3.454 +-  0.056   0.218      1.481
    6  -0.12385  3.33303     10.709    3.487 +-  0.068   0.265      1.212
    7   0.26791  6.14391     10.374    2.449 +-  0.071   0.276      3.706
    0   1.40621  2.55760   1188.698    6.985 +-  0.160   0.622   1179.320
    1   0.33683  5.72512   1150.714    6.832 +-  0.161   0.622   1141.541
    2   1.64800  4.30440     43.424    6.304 +-  0.219   0.847     34.961
    3   2.55801  0.07428     13.922    3.733 +-  0.101   0.392      8.911
    4   4.41991  5.92981     12.296    4.703 +-  0.146   0.566      5.982
    0   0.65009  4.14396   1205.660    6.503 +-  0.081   0.315   1181.154
    1   0.38987  0.98598   1192.864    3.638 +-  0.101   0.390   1179.154
    2  -3.62954  6.05904     33.982    5.433 +-  0.118   0.458     13.509
    3  -1.41310  5.69967     25.071    5.112 +-  0.052   0.201      5.809
    4   1.74715  2.77853     22.243    3.750 +-  0.081   0.312      8.112
    5   0.26230  2.36173     20.449    3.474 +-  0.060   0.234      7.357
    6  -5.07291  2.95839     14.504    4.108 +-  0.055   0.213     -0.975
    7   2.81465  2.01179     14.300    1.301 +-  0.025   0.099      9.397
    8   3.59306  2.90314     13.758    2.963 +-  0.052   0.200      2.591
    9   0.98216  5.54702     12.124    2.114 +-  0.056   0.217      4.156
    0  -0.67604  3.21644   1072.330    3.206 +-  0.066   0.255   1067.119
    1   1.19541  0.17068   1006.913    3.699 +-  0.067   0.259   1000.900
    2  -2.12172  5.40036    120.270    5.429 +-  0.104   0.403    111.444
    3  -1.41634  0.07554     24.310    2.011 +-  0.047   0.181     21.042
    4  -2.38634  3.37142     12.431    2.694 +-  0.062   0.242      8.052
    5   1.20849  4.17784     10.895    4.055 +-  0.068   0.262      4.303
    6   2.12369  2.96958     10.131    2.933 +-  0.064   0.247      5.364
    0   0.73347  5.49942   1015.322    7.839 +-  0.137   0.532   1007.628
    1   0.57714  2.40277    998.934    4.242 +-  0.086   0.331    994.770
    2  -2.98509  1.11295     86.493    5.601 +-  0.138   0.533     80.995
    3  -3.76650  5.51544     25.087    6.026 +-  0.103   0.399     19.172
    4  -3.19375  4.45781     17.806    3.015 +-  0.078   0.304     14.847
    5   1.87023  3.18393     16.200    3.523 +-  0.089   0.347     12.743
    6  -2.22728  3.89771     14.035    3.685 +-  0.068   0.265     10.418
    7   2.45266  1.79550     11.907    7.663 +-  0.154   0.595      4.385
    0   0.00914  2.27300   1450.283    3.582 +-  0.047   0.180   1428.765
    1   0.11355  6.05825    921.911    3.113 +-  0.051   0.199    903.212
    2  -0.77159  4.77580    897.313    1.911 +-  0.023   0.089    885.835
    3  -2.01043  4.59334     29.455    4.285 +-  0.056   0.216      3.716
    4  -1.02999  3.02824     25.211    2.860 +-  0.050   0.192      8.030
    5   1.56376  5.79782     23.659    3.609 +-  0.060   0.232      1.981
    6   3.38041  3.63814     18.974    3.093 +-  0.037   0.142      0.396
    7   2.09459  1.15136     16.892    2.988 +-  0.046   0.178     -1.056
    8   2.61056  4.83817     15.674    2.666 +-  0.055   0.213     -0.341
    9  -2.94370  0.52061     15.514    3.937 +-  0.044   0.172     -8.132
