# ./areas-test-mean-class -incl 10 -repeat 1 -nev 10 -r 1.0 -rfact 0.9 
#---------------------------------------------------------------------
#                      FastJet release 1.1   			 
#            Written by Matteo Cacciari and Gavin Salam		 
#            http://www.lpthe.jussieu.fr/~salam/fastjet		 
#								      	 
# Longitudinally invariant Kt Jet clustering, using the fast geometric
# algorithms of hep-ph/0512210 (please cite this if you use FastJet)  
# This package makes use of the CGAL library: http://www.cgal.org/    
# This package incorporates T.Chan's closest-pair algorithm, Proc. 13th     
# ACM-SIAM Symposium on Discrete Algorithms, pp.472-473, 2002
#---------------------------------------------------------------------
    0  -0.86731  2.90511    983.387    2.592 +-  0.000   0.000    983.387
    1   0.22380  6.04226    910.288    4.141 +-  0.000   0.000    910.288
    2  -1.16521  6.04589     70.789    4.141 +-  0.000   0.000     70.789
    3  -2.34732  1.25431     10.723    2.826 +-  0.000   0.000     10.723
    0   0.65643  4.76128   1292.631    9.185 +-  0.000   0.000   1292.631
    1  -0.36020  1.47178   1101.188    2.502 +-  0.000   0.000   1101.188
    2   0.49601  2.34612    260.652    2.981 +-  0.000   0.000    260.652
    3   3.97666  0.81393     25.164    5.972 +-  0.000   0.000     25.164
    4  -3.08412  5.18239     10.522    4.962 +-  0.000   0.000     10.522
    5  -1.24269  4.17788     10.403    2.900 +-  0.000   0.000     10.403
    0   1.09742  6.22944   1321.933    6.114 +-  0.000   0.000   1321.933
    1   0.71575  3.11029   1288.217    2.412 +-  0.000   0.000   1288.217
    2  -3.15198  1.89754     30.100    2.133 +-  0.000   0.000     30.100
    3  -0.28585  2.05666     25.495    1.820 +-  0.000   0.000     25.495
    4  -2.58453  0.91827     20.629    1.918 +-  0.000   0.000     20.629
    5   0.32226  4.07746     18.447    1.489 +-  0.000   0.000     18.447
    6  -2.82704  4.73844     11.399    3.245 +-  0.000   0.000     11.399
    7  -3.97989  0.92165     10.587    3.314 +-  0.000   0.000     10.587
    8  -3.51447  3.61847     10.190    2.122 +-  0.000   0.000     10.190
    0  -0.91502  4.21039    960.093    4.650 +-  0.000   0.000    960.093
    1  -0.98966  1.09941    953.783    7.271 +-  0.000   0.000    953.783
    2   1.77991  0.09662     15.234    2.432 +-  0.000   0.000     15.234
    3   2.96747  5.06983     15.058    4.316 +-  0.000   0.000     15.058
    4   0.65586  5.03291     13.284    2.910 +-  0.000   0.000     13.284
    5   2.65675  3.16174     12.632    4.197 +-  0.000   0.000     12.632
    6  -2.07629  6.11513     12.372    2.643 +-  0.000   0.000     12.372
    7   0.29824  3.88769     12.204    2.158 +-  0.000   0.000     12.204
    8   1.64216  2.37815     10.671    3.296 +-  0.000   0.000     10.671
    9   0.90072  1.06965     10.384    1.437 +-  0.000   0.000     10.384
    0   0.68223  5.06885   1085.933    2.731 +-  0.000   0.000   1085.933
    1   0.98709  1.93665   1059.598    4.625 +-  0.000   0.000   1059.598
    2  -1.26567  1.43583     50.166    4.079 +-  0.000   0.000     50.166
    3   2.74643  4.56728     19.520    2.227 +-  0.000   0.000     19.520
    4   2.08747  3.66088     14.242    3.274 +-  0.000   0.000     14.242
    5  -3.02082  1.36250     10.888    3.489 +-  0.000   0.000     10.888
    6  -0.12385  3.33303     10.709    3.460 +-  0.000   0.000     10.709
    7   0.26791  6.14391     10.374    2.405 +-  0.000   0.000     10.374
    0   1.40621  2.55760   1188.698    6.732 +-  0.000   0.000   1188.698
    1   0.33683  5.72512   1150.714    6.805 +-  0.000   0.000   1150.714
    2   1.64800  4.30440     43.424    6.162 +-  0.000   0.000     43.424
    3   2.55801  0.07428     13.922    3.751 +-  0.000   0.000     13.922
    4   4.41991  5.92981     12.296    4.265 +-  0.000   0.000     12.296
    0   0.65009  4.14396   1205.660    6.483 +-  0.000   0.000   1205.660
    1   0.38987  0.98598   1192.864    3.489 +-  0.000   0.000   1192.864
    2  -3.62954  6.05904     33.982    5.432 +-  0.000   0.000     33.982
    3  -1.41310  5.69967     25.071    5.097 +-  0.000   0.000     25.071
    4   1.74715  2.77853     22.243    3.802 +-  0.000   0.000     22.243
    5   0.26230  2.36173     20.449    3.525 +-  0.000   0.000     20.449
    6  -5.07291  2.95839     14.504    6.255 +-  0.000   0.000     14.504
    7   2.81465  2.01179     14.300    1.296 +-  0.000   0.000     14.300
    8   3.59306  2.90314     13.758    2.942 +-  0.000   0.000     13.758
    9   0.98216  5.54702     12.124    2.130 +-  0.000   0.000     12.124
    0  -0.67604  3.21644   1072.330    3.254 +-  0.000   0.000   1072.330
    1   1.19541  0.17068   1006.913    3.674 +-  0.000   0.000   1006.913
    2  -2.12172  5.40036    120.270    5.459 +-  0.000   0.000    120.270
    3  -1.41634  0.07554     24.310    1.981 +-  0.000   0.000     24.310
    4  -2.38634  3.37142     12.431    2.787 +-  0.000   0.000     12.431
    5   1.20849  4.17784     10.895    3.999 +-  0.000   0.000     10.895
    6   2.12369  2.96958     10.131    2.884 +-  0.000   0.000     10.131
    0   0.73347  5.49942   1015.322    7.805 +-  0.000   0.000   1015.322
    1   0.57714  2.40277    998.934    4.355 +-  0.000   0.000    998.934
    2  -2.98509  1.11295     86.493    5.793 +-  0.000   0.000     86.493
    3  -3.76650  5.51544     25.087    6.027 +-  0.000   0.000     25.087
    4  -3.19375  4.45781     17.806    3.074 +-  0.000   0.000     17.806
    5   1.87023  3.18393     16.200    3.540 +-  0.000   0.000     16.200
    6  -2.22728  3.89771     14.035    3.828 +-  0.000   0.000     14.035
    7   2.45266  1.79550     11.907    7.820 +-  0.000   0.000     11.907
    0   0.00914  2.27300   1450.283    3.686 +-  0.000   0.000   1450.283
    1   0.11355  6.05825    921.911    3.108 +-  0.000   0.000    921.911
    2  -0.77159  4.77580    897.313    1.908 +-  0.000   0.000    897.313
    3  -2.01043  4.59334     29.455    4.391 +-  0.000   0.000     29.455
    4  -1.02999  3.02824     25.211    2.870 +-  0.000   0.000     25.211
    5   1.56376  5.79782     23.659    3.491 +-  0.000   0.000     23.659
    6   3.38041  3.63814     18.974    3.042 +-  0.000   0.000     18.974
    7   2.09459  1.15136     16.892    2.909 +-  0.000   0.000     16.892
    8   2.61056  4.83817     15.674    2.693 +-  0.000   0.000     15.674
    9  -2.94370  0.52061     15.514    3.923 +-  0.000   0.000     15.514
