# ./areas-1gluon-for-root -out root-games/ghosted-siscone.dat -ghost_kt 1e-5 -ghost_area 0.04 -ghost_etamax 4.0 -kt_scatter 1 
# jet def: SISCone jet finder with cone_radius = 1, overlap_threshold = 0.5, n_pass_max = 1, caching turned off
0 -8.26642e-09 3.14159 100
 0 0.400003 2.84707 1.96223e-05
 1 0.400019 3.04341 1.73762e-05
 2 0.400011 3.23975 1.4709e-05
 3 0.400018 3.4361 1.07447e-05
 4 0.200013 2.84706 1.05817e-05
 5 0.200006 3.04341 1.47975e-05
 6 0.20001 3.23975 1.7613e-05
 7 0.200012 3.43611 1.58875e-05
 8 9.44809e-06 2.65071 1.78306e-05
 9 7.36212e-06 2.84706 1.30763e-05
 10 4.26185e-06 3.0434 1.37241e-05
 11 1.9424e-05 3.23976 1.34628e-05
 12 2.00687e-07 3.43611 1.42584e-05
 13 1.93562e-06 3.63245 1.49709e-05
 14 -0.199997 2.84706 1.67708e-05
 15 -0.199994 3.0434 1.91979e-05
 16 -0.199999 3.23976 1.62191e-05
 17 -0.199993 3.4361 1.89226e-05
 18 -0.399985 2.84706 1.38873e-05
 19 -0.399989 3.0434 1.39614e-05
 20 -0.399984 3.23976 1.7788e-05
 21 0 3.14159 100
 22 -0.399989 3.4361 1.28407e-05
#END
1 -1.7412 1.01466 0.000884514
 0 -0.599996 0.490865 1.59391e-05
 1 -0.799988 0.490864 1.40217e-05
 2 -0.799997 0.687215 1.52118e-05
 3 -0.99999 0.490861 1.8097e-05
 4 -0.999982 0.687207 1.67231e-05
 5 -0.999994 0.883562 1.89346e-05
 6 -0.999994 1.0799 1.90713e-05
 7 -0.999994 1.27626 1.57368e-05
 8 -0.999985 1.47261 1.6618e-05
 9 -1.19999 0.490873 1.52302e-05
 10 -1.2 0.687209 1.42553e-05
 11 -1.19998 0.883557 1.46166e-05
 12 -1.19998 1.07991 1.50011e-05
 13 -1.19999 1.27626 1.41632e-05
 14 -1.2 1.47262 1.13568e-05
 15 -1.39999 1.66896 1.94875e-05
 16 -1.39999 0.490867 1.91492e-05
 17 -1.4 0.687214 1.39715e-05
 18 -1.39999 0.883571 1.29495e-05
 19 -1.39999 1.0799 1.70661e-05
 20 -1.4 1.27626 1.27682e-05
 21 -1.4 1.47261 1.58931e-05
 22 -1.59999 1.66896 1.42369e-05
 23 -1.59998 0.490859 1.13457e-05
 24 -1.6 0.68721 1.70069e-05
 25 -1.59999 0.883571 1.07633e-05
 26 -1.59999 1.07992 1.7448e-05
 27 -1.59999 1.27626 1.50655e-05
 28 -1.6 1.47262 1.39537e-05
 29 -1.79998 1.66896 1.18858e-05
 30 -1.79998 1.8653 1.12102e-05
 31 -1.8 0.490859 1.95511e-05
 32 -1.79999 0.687223 1.2735e-05
 33 -1.79999 0.883562 1.1944e-05
 34 -1.79998 1.07992 1.51723e-05
 35 -1.79999 1.27625 1.31242e-05
 36 -1.79998 1.4726 1.45876e-05
 37 -1.99999 1.66897 1.80588e-05
 38 -2 0.490871 1.99933e-05
 39 -1.99999 0.68721 1.59357e-05
 40 -1.99999 0.883563 1.62446e-05
 41 -1.99999 1.07992 1.93597e-05
 42 -1.99999 1.27627 1.5396e-05
 43 -1.99999 1.4726 1.39858e-05
 44 -2.19998 1.66897 1.08462e-05
 45 -2.19998 0.490866 1.70842e-05
 46 -2.19998 0.687208 1.1328e-05
 47 -2.19999 0.883567 1.41864e-05
 48 -2.19999 1.07991 1.15956e-05
 49 -2.19999 1.27626 1.20254e-05
 50 -2.2 1.47261 1.79646e-05
 51 -2.39998 0.490867 1.28669e-05
 52 -2.39998 0.687219 1.48484e-05
 53 -2.39999 0.883563 1.79422e-05
 54 -2.4 1.0799 1.02856e-05
 55 -2.39999 1.27626 1.73512e-05
 56 -2.39998 1.47261 1.82538e-05
 57 -2.6 0.490867 1.38522e-05
 58 -2.6 0.687205 1.76339e-05
 59 -2.59999 0.883559 1.52293e-05
 60 -2.59999 1.07991 1.95872e-05
 61 -2.79998 1.27627 1.10315e-05
 62 -2.59998 1.27627 1.51483e-05
#END
2 -0.739006 5.44418 0.000770943
 0 -0.199986 4.2215 1.27063e-05
 1 -0.2 4.41786 1.8177e-05
 2 -0.199991 4.61421 1.81372e-05
 3 -0.199992 4.81054 1.42123e-05
 4 -0.199986 5.0069 1.96488e-05
 5 -0.199988 5.20325 1.20889e-05
 6 -0.19998 5.39961 1.58881e-05
 7 -0.199993 5.59595 1.20289e-05
 8 -0.199996 5.79231 1.06678e-05
 9 -0.19998 5.98866 1.67095e-05
 10 -0.199992 6.185 1.53832e-05
 11 -0.399992 4.81055 1.45465e-05
 12 -0.399997 5.00691 1.19447e-05
 13 -0.399991 5.20325 1.808e-05
 14 -0.399982 5.3996 1.11124e-05
 15 -0.399997 5.59596 1.86326e-05
 16 -0.399995 5.7923 1.65589e-05
 17 -0.39999 5.98866 1.28513e-05
 18 -0.399987 6.185 1.81157e-05
 19 -0.399988 0.0981725 1.71568e-05
 20 -0.599987 4.81056 1.23931e-05
 21 -0.599984 5.00689 1.43374e-05
 22 -0.599989 5.20325 1.38351e-05
 23 -0.599989 5.39961 1.04328e-05
 24 -0.599988 5.59595 1.48444e-05
 25 -0.599983 5.7923 1.10465e-05
 26 -0.599993 5.98864 1.87523e-05
 27 -0.599993 6.18501 1.7241e-05
 28 -0.599991 0.0981706 1.58648e-05
 29 -0.799982 4.81056 1.85441e-05
 30 -0.799993 5.00691 1.34814e-05
 31 -0.799993 5.20326 1.87974e-05
 32 -0.799986 5.39961 1.00892e-05
 33 -0.79999 5.59596 1.98457e-05
 34 -0.799999 5.7923 1.60785e-05
 35 -0.799993 5.98866 1.76728e-05
 36 -0.799991 6.185 1.36005e-05
 37 -0.999998 4.81055 1.68824e-05
 38 -0.999999 5.0069 1.66919e-05
 39 -0.999986 5.20324 1.47889e-05
 40 -0.999999 5.39961 1.48138e-05
 41 -0.999982 5.59594 1.00213e-05
 42 -0.999981 5.7923 1.04374e-05
 43 -0.999983 5.98864 1.15614e-05
 44 -0.999987 6.185 1.99513e-05
 45 -1.19999 4.61421 1.23576e-05
 46 -1.19999 4.81055 1.09399e-05
 47 -1.19998 5.00691 1.74155e-05
 48 -1.19999 5.20325 1.92203e-05
 49 -1.19998 5.3996 1.71912e-05
 50 -1.19999 5.59596 1.92578e-05
 51 -1.2 5.79229 1.45888e-05
 52 -1.19998 5.98865 1.92261e-05
 53 -1.39999 5.0069 1.96601e-05
 54 -1.4 5.20326 1.02562e-05
 55 -1.39999 5.39961 1.74187e-05
 56 -1.6 5.59596 1.56426e-05
 57 -1.39998 5.59596 1.4744e-05
#END
3 -3.59998 3.77549 0.00051112
 0 -2.79999 3.04341 1.33762e-05
 1 -2.8 3.23976 1.12765e-05
 2 -2.79998 3.43611 1.64471e-05
 3 -2.8 4.6142 1.53452e-05
 4 -2.8 4.81055 1.71278e-05
 5 -2.79999 5.00691 1.71082e-05
 6 -2.99998 2.84705 1.57442e-05
 7 -2.99998 3.0434 1.78847e-05
 8 -2.99999 3.23975 1.37753e-05
 9 -3 3.43611 1.81691e-05
 10 -2.99999 3.63245 1.0109e-05
 11 -3 3.82881 1.06824e-05
 12 -2.99999 4.02516 1.78326e-05
 13 -2.99998 4.41786 1.03903e-05
 14 -2.99998 4.6142 1.01065e-05
 15 -2.99999 4.81056 1.31571e-05
 16 -3.2 2.84706 1.09247e-05
 17 -3.19999 3.04341 1.69394e-05
 18 -3.19999 3.23976 1.24941e-05
 19 -3.19999 3.43611 1.98656e-05
 20 -3.2 3.63246 1.68288e-05
 21 -3.19998 3.82881 1.21046e-05
 22 -3.2 4.02516 1.46341e-05
 23 -3.19999 4.22151 1.85654e-05
 24 -3.19998 4.41785 1.40786e-05
 25 -3.2 4.61421 1.07549e-05
 26 -3.39999 2.06166 1.30238e-05
 27 -3.39998 2.84706 1.09217e-05
 28 -3.4 3.0434 1.19398e-05
 29 -3.4 3.23975 1.61191e-05
 30 -3.39999 3.43611 1.36251e-05
 31 -3.39999 3.63246 1.68097e-05
 32 -3.39999 3.82881 1.68052e-05
 33 -3.39998 4.02516 1.89577e-05
 34 -3.39999 4.2215 1.39549e-05
 35 -3.39999 4.41785 1.48788e-05
 36 -3.39999 4.6142 1.27201e-05
 37 -3.39999 4.81056 1.24597e-05
 38 -3.39998 5.98865 1.36527e-05
 39 -3.39998 6.18501 1.79287e-05
 40 -3.39998 0.0981562 1.52085e-05
 41 -3.59999 1.66897 1.45172e-05
 42 -3.59998 1.86531 1.65448e-05
 43 -3.6 2.06166 1.32494e-05
 44 -3.6 2.258 1.03481e-05
 45 -3.6 2.65071 1.8661e-05
 46 -3.59999 2.84706 1.0489e-05
 47 -3.59998 3.04341 1.1666e-05
 48 -3.59999 3.23976 1.19052e-05
 49 -3.59999 3.4361 1.25173e-05
 50 -3.6 3.63245 1.03574e-05
 51 -3.6 3.8288 1.89183e-05
 52 -3.59998 4.02516 1.09127e-05
 53 -3.59999 4.22151 1.92227e-05
 54 -3.59998 4.41786 1.50879e-05
 55 -3.59998 4.6142 1.08332e-05
 56 -3.59999 4.81055 1.97282e-05
 57 -3.59999 5.00689 1.65569e-05
 58 -3.59998 5.79231 1.10807e-05
 59 -3.59998 5.98866 1.14945e-05
 60 -3.59998 6.18501 1.35717e-05
 61 -3.59998 0.0981698 1.71107e-05
 62 -3.59999 1.07992 1.28402e-05
 63 -3.59999 1.27626 1.40868e-05
 64 -3.6 1.47262 1.79314e-05
 65 -3.79999 1.66896 1.54048e-05
 66 -3.79999 1.86532 1.35119e-05
 67 -3.8 2.06166 1.55644e-05
 68 -3.79999 2.258 1.38563e-05
 69 -3.8 2.45435 1.15656e-05
 70 -3.8 2.65071 1.10583e-05
 71 -3.79999 2.84705 1.50138e-05
 72 -3.79999 3.04341 1.07101e-05
 73 -3.79999 3.23976 1.9881e-05
 74 -3.79998 3.43611 1.39844e-05
 75 -3.79999 3.63245 1.50691e-05
 76 -3.8 3.8288 1.10182e-05
 77 -3.79998 4.02515 1.64857e-05
 78 -3.79999 4.2215 1.70004e-05
 79 -3.79998 4.41786 1.19028e-05
 80 -3.79999 4.6142 1.22278e-05
 81 -3.79999 4.81056 1.56711e-05
 82 -3.79998 5.0069 1.72973e-05
 83 -3.79999 5.20325 1.33116e-05
 84 -3.8 5.39961 1.23527e-05
 85 -3.79999 5.59596 1.36723e-05
 86 -3.79998 5.7923 1.72937e-05
 87 -3.79999 5.98866 1.64554e-05
 88 -3.79998 6.18499 1.49187e-05
 89 -3.8 0.0981604 1.59393e-05
 90 -3.79999 0.88357 1.01253e-05
 91 -3.79999 1.07992 1.63473e-05
 92 -3.79999 1.27626 1.21292e-05
 93 -3.79999 1.4726 1.71699e-05
 94 -3.99999 1.66896 1.80485e-05
 95 -3.99998 1.86531 1.62438e-05
 96 -3.99998 2.06166 1.77343e-05
 97 -4 2.25801 1.6279e-05
 98 -3.99998 2.45435 1.49197e-05
 99 -3.99999 2.65071 1.28603e-05
 100 -3.99998 2.84706 1.1243e-05
 101 -3.99999 3.04341 1.21874e-05
 102 -3.99999 3.23975 1.79802e-05
 103 -3.99999 3.4361 1.63783e-05
 104 -3.99999 3.63246 1.98906e-05
 105 -3.99998 3.8288 1.37091e-05
 106 -4 4.02517 1.69599e-05
 107 -3.99999 4.2215 1.07718e-05
 108 -3.99998 4.41786 1.37361e-05
 109 -3.99999 4.61421 1.11703e-05
 110 -4 4.81056 1.99718e-05
 111 -3.99998 5.0069 1.63263e-05
 112 -4 5.20324 1.11385e-05
 113 -4 5.39961 1.94618e-05
 114 -3.99998 5.59596 1.72453e-05
 115 -3.99998 5.79231 1.61812e-05
 116 -3.99999 5.98865 1.97221e-05
 117 -3.99999 6.18501 1.01257e-05
 118 -3.99999 0.0981693 1.12179e-05
 119 -3.99999 0.687219 1.00784e-05
 120 -3.99998 0.883569 1.9519e-05
 121 -3.99999 1.07992 1.99547e-05
 122 -3.99998 1.4726 1.14669e-05
 123 -3.99999 1.27626 1.73381e-05
#END
4 -2.40069 1.94396 0.000492327
 0 -1.39999 2.25802 1.63328e-05
 1 -1.59998 1.86531 1.0606e-05
 2 -1.6 2.06166 1.00388e-05
 3 -1.59999 2.25801 1.694e-05
 4 -1.59999 2.45436 1.65907e-05
 5 -1.79999 2.06166 1.86809e-05
 6 -1.79998 2.25801 1.20378e-05
 7 -1.79999 2.45436 1.50279e-05
 8 -1.79998 2.65072 1.7121e-05
 9 -1.99999 1.8653 1.93411e-05
 10 -2 2.06166 1.99896e-05
 11 -2 2.258 1.90553e-05
 12 -1.99999 2.65071 1.89179e-05
 13 -2.19999 1.86532 1.69524e-05
 14 -2.2 2.06166 1.25476e-05
 15 -2.2 2.25802 1.48696e-05
 16 -2.39999 1.66897 1.17582e-05
 17 -2.39999 1.8653 1.96215e-05
 18 -2.39999 2.06166 1.73201e-05
 19 -2.59999 1.66897 1.00146e-05
 20 -2.6 1.86532 1.42325e-05
 21 -2.6 2.06165 1.92949e-05
 22 -2.6 1.47262 1.33541e-05
 23 -2.79999 1.66896 1.53404e-05
 24 -2.79999 1.86531 1.2076e-05
 25 -2.79999 1.47262 1.80405e-05
 26 -2.99999 1.66897 1.09773e-05
 27 -2.99998 1.47261 1.48426e-05
 28 -3.19998 1.66896 1.07089e-05
 29 -3.19999 1.47262 1.40703e-05
 30 -3.4 1.66896 1.80939e-05
 31 -3.39999 1.86531 1.57192e-05
 32 -3.4 1.47262 1.89399e-05
 33 -3.39999 1.27625 1.52226e-05
#END
5 -3.07441 5.57921 0.000472135
 0 -2.6 5.20325 1.4016e-05
 1 -2.59998 5.3996 1.15072e-05
 2 -2.59998 5.59595 1.93921e-05
 3 -2.79998 5.20325 1.69991e-05
 4 -2.79999 5.3996 1.55774e-05
 5 -2.79999 5.59595 1.68315e-05
 6 -2.79998 5.7923 1.83436e-05
 7 -2.79999 5.98866 1.06301e-05
 8 -2.79999 6.18501 1.07739e-05
 9 -2.79999 0.0981739 1.75342e-05
 10 -3 5.00691 1.49735e-05
 11 -2.99998 5.20326 1.98209e-05
 12 -2.99999 5.3996 1.70294e-05
 13 -2.99998 5.59595 1.81702e-05
 14 -2.99998 5.79231 1.00461e-05
 15 -2.99998 5.98865 1.24364e-05
 16 -2.99999 6.185 1.33315e-05
 17 -2.99999 0.0981631 1.75955e-05
 18 -3.19999 4.81055 1.61601e-05
 19 -3.2 5.00689 1.40493e-05
 20 -3.19999 5.20326 1.73007e-05
 21 -3.19999 5.3996 1.93571e-05
 22 -3.19998 5.59595 1.3065e-05
 23 -3.2 5.79231 1.36641e-05
 24 -3.2 5.98865 1.37292e-05
 25 -3.2 6.18499 1.81658e-05
 26 -3.19999 0.0981618 1.01447e-05
 27 -3.39999 5.0069 1.38332e-05
 28 -3.4 5.20325 1.41847e-05
 29 -3.39999 5.39959 1.1e-05
 30 -3.39999 5.59594 1.15298e-05
 31 -3.39998 5.79229 1.69452e-05
 32 -3.59999 5.20324 1.14307e-05
 33 -3.59999 5.59596 1.04995e-05
 34 -3.59998 5.3996 1.71738e-05
#END
6 1.70484 3.89684 0.000433135
 0 4.00002 1.66897 1.39878e-05
 1 4.00001 1.8653 1.8941e-05
 2 4.00002 2.06167 1.13589e-05
 3 4.00002 2.25801 1.34841e-05
 4 4 2.45436 1.02358e-05
 5 4.00002 2.6507 1.09939e-05
 6 4 2.84705 1.64972e-05
 7 4.00002 3.04341 1.66808e-05
 8 4 3.23976 1.99535e-05
 9 4.00001 3.4361 1.50966e-05
 10 4.00001 3.63246 1.77237e-05
 11 4 3.82881 1.08381e-05
 12 4.00001 4.02515 1.43667e-05
 13 4.00002 4.2215 1.89875e-05
 14 4.00002 4.41785 1.9726e-05
 15 4.00001 4.61419 1.60524e-05
 16 4.00001 4.81056 1.48237e-05
 17 4.00002 5.00691 1.4677e-05
 18 4.00001 5.20326 1.18341e-05
 19 4.00001 5.39959 1.19744e-05
 20 4 5.59596 1.3753e-05
 21 4 5.7923 1.73552e-05
 22 4 5.98864 1.73532e-05
 23 4.00001 6.185 1.1573e-05
 24 4.00001 0.0981699 1.17878e-05
 25 4 0.29451 1.21554e-05
 26 4.00001 0.490855 1.79021e-05
 27 4.00001 0.687211 1.54989e-05
 28 4.00002 0.883557 1.63372e-05
 29 4.00002 1.07991 1.94358e-05
 30 4 1.27625 1.03841e-05
 31 4 1.47261 1.5666e-05
 32 3.80001 1.66895 1.03243e-05
 33 3.80002 1.86531 1.80198e-05
 34 3.8 2.06166 1.83792e-05
 35 3.80002 2.258 1.47161e-05
 36 3.8 2.45435 1.98445e-05
 37 3.80002 2.6507 1.70422e-05
 38 3.80002 2.84705 1.83904e-05
 39 3.8 3.0434 1.32683e-05
 40 3.80001 3.23975 1.00014e-05
 41 3.80001 3.4361 1.09808e-05
 42 3.80002 3.63245 1.07821e-05
 43 3.8 3.8288 1.09644e-05
 44 3.80001 4.02515 1.56464e-05
 45 3.80001 4.2215 1.26615e-05
 46 3.80001 4.41786 1.80762e-05
 47 3.80001 4.6142 1.55936e-05
 48 3.8 4.81055 1.22599e-05
 49 3.8 5.0069 1.72187e-05
 50 3.80001 5.20324 1.17754e-05
 51 3.8 5.39961 1.5295e-05
 52 3.80002 5.59595 1.80717e-05
 53 3.8 5.79231 1.28332e-05
 54 3.8 5.98865 1.30926e-05
 55 3.80002 6.185 1.698e-05
 56 3.8 0.0981741 1.11273e-05
 57 3.80002 0.294522 1.58282e-05
 58 3.80002 0.490873 1.52265e-05
 59 3.80001 0.687214 1.55781e-05
 60 3.80001 0.883564 1.88166e-05
 61 3.80001 1.07991 1.20927e-05
 62 3.8 1.27627 1.66469e-05
 63 3.8 1.47261 1.71064e-05
 64 3.6 1.66897 1.12157e-05
 65 3.60002 1.86531 1.78973e-05
 66 3.60002 2.06165 1.74697e-05
 67 3.60001 2.25801 1.48781e-05
 68 3.6 2.45436 1.46607e-05
 69 3.60001 2.6507 1.19463e-05
 70 3.6 2.84707 1.13417e-05
 71 3.60001 3.04341 1.18876e-05
 72 3.60002 3.23975 1.1781e-05
 73 3.60002 3.43611 1.80002e-05
 74 3.6 3.63246 1.55004e-05
 75 3.6 3.82881 1.59353e-05
 76 3.6 4.02516 1.25617e-05
 77 3.60001 4.22151 1.46572e-05
 78 3.6 4.41785 1.33116e-05
 79 3.60001 4.61421 1.6546e-05
 80 3.60001 4.81056 1.89213e-05
 81 3.60001 5.0069 1.9969e-05
 82 3.60001 5.20325 1.04973e-05
 83 3.60001 5.3996 1.32254e-05
 84 3.60001 5.59596 1.90133e-05
 85 3.60001 5.79229 1.62071e-05
 86 3.6 5.98865 1.72134e-05
 87 3.60002 6.185 1.17334e-05
 88 3.60002 0.0981639 1.46018e-05
 89 3.6 0.294505 1.33662e-05
 90 3.60002 0.490855 1.94241e-05
 91 3.60001 0.687219 1.19919e-05
 92 3.60001 0.883565 1.21151e-05
 93 3.60002 1.07992 1.718e-05
 94 3.60001 1.27627 1.03759e-05
 95 3.60001 1.4726 1.70012e-05
 96 3.40001 1.66896 1.06303e-05
 97 3.40001 1.8653 1.52716e-05
 98 3.40001 2.06166 1.71463e-05
 99 3.40001 2.258 1.15586e-05
 100 3.40002 2.45436 1.47231e-05
 101 3.40001 2.65071 1.13819e-05
 102 3.40002 2.84706 1.69864e-05
 103 3.40001 3.04341 1.88297e-05
 104 3.4 3.23975 1.87885e-05
 105 3.40002 3.43611 1.4233e-05
 106 3.40001 3.63246 1.26386e-05
 107 3.40001 3.82881 1.52597e-05
 108 3.40001 4.02515 1.20002e-05
 109 3.40002 4.2215 1.84796e-05
 110 3.4 4.41786 1.9865e-05
 111 3.40002 4.61421 1.39389e-05
 112 3.4 4.81056 1.61525e-05
 113 3.40002 5.00691 1.39966e-05
 114 3.40001 5.20325 1.99004e-05
 115 3.40001 5.3996 1.43142e-05
 116 3.4 5.59596 1.14106e-05
 117 3.40001 5.7923 1.42403e-05
 118 3.4 5.98865 1.54852e-05
 119 3.40001 6.18499 1.56307e-05
 120 3.40002 0.0981592 1.45576e-05
 121 3.40001 0.294517 1.27477e-05
 122 3.40001 0.490874 1.14297e-05
 123 3.40002 0.68722 1.78192e-05
 124 3.40002 0.883557 1.56788e-05
 125 3.4 1.07991 1.58414e-05
 126 3.40001 1.27625 1.50756e-05
 127 3.40002 1.47262 1.68434e-05
 128 3.20001 1.66896 1.62305e-05
 129 3.20001 1.86532 1.16919e-05
 130 3.20002 2.06166 1.05818e-05
 131 3.2 2.25801 1.69333e-05
 132 3.20001 2.45436 1.13135e-05
 133 3.20001 2.65071 1.64261e-05
 134 3.20001 2.84706 1.71462e-05
 135 3.20001 3.0434 1.23392e-05
 136 3.20001 3.23977 1.21622e-05
 137 3.20001 3.43611 1.62339e-05
 138 3.20002 3.63246 1.75696e-05
 139 3.2 3.8288 1.01312e-05
 140 3.20001 4.02517 1.67271e-05
 141 3.20001 4.22151 1.86129e-05
 142 3.20001 4.41786 1.0699e-05
 143 3.20001 4.6142 1.08758e-05
 144 3.20002 4.81054 1.52301e-05
 145 3.20002 5.0069 1.62525e-05
 146 3.20001 5.20326 1.4929e-05
 147 3.2 5.39959 1.2241e-05
 148 3.2 5.59596 1.08992e-05
 149 3.20002 5.7923 1.2888e-05
 150 3.20002 5.98864 1.88523e-05
 151 3.20001 6.18501 1.07926e-05
 152 3.20001 0.0981576 1.28649e-05
 153 3.20002 0.294513 1.93979e-05
 154 3.20001 0.490863 1.1147e-05
 155 3.20002 0.687212 1.17609e-05
 156 3.20001 0.883563 1.68626e-05
 157 3.2 1.07991 1.66169e-05
 158 3.20001 1.27627 1.82154e-05
 159 3.20001 1.47262 1.25319e-05
 160 3.00002 1.66896 1.93582e-05
 161 3.00001 1.86531 1.14031e-05
 162 3.00001 2.06166 1.60212e-05
 163 3.00001 2.25801 1.54605e-05
 164 3 2.45436 1.28812e-05
 165 3.00001 2.65072 1.23218e-05
 166 3.00001 2.84705 1.89396e-05
 167 3.00001 3.04341 1.75224e-05
 168 3.00002 3.23976 1.52736e-05
 169 3.00001 3.43611 1.29961e-05
 170 3.00001 3.63246 1.94918e-05
 171 3.00001 3.82881 1.49021e-05
 172 3.00001 4.02516 1.46663e-05
 173 3.00002 4.2215 1.66117e-05
 174 3 4.41786 1.90515e-05
 175 3.00001 4.6142 1.44616e-05
 176 3.00001 4.81056 1.42246e-05
 177 3 5.00691 1.6778e-05
 178 3 5.20326 1.31745e-05
 179 3.00002 5.39961 1.84442e-05
 180 3.00001 5.59595 1.01375e-05
 181 3.00002 5.7923 1.31517e-05
 182 3.00002 5.98864 1.68831e-05
 183 3.00001 6.18499 1.31702e-05
 184 3 0.0981623 1.05042e-05
 185 3.00001 0.294514 1.87927e-05
 186 3.00001 0.49087 1.00508e-05
 187 3.00001 0.687217 1.25218e-05
 188 3.00002 0.88357 1.55247e-05
 189 3.00002 1.07991 1.64582e-05
 190 3.00001 1.27626 1.66967e-05
 191 3.00002 1.47261 1.16524e-05
 192 2.80001 1.66896 1.53509e-05
 193 2.8 1.86531 1.7479e-05
 194 2.80001 2.06165 1.7059e-05
 195 2.80001 2.25801 1.71309e-05
 196 2.80002 2.45436 1.24596e-05
 197 2.80001 2.65071 1.70845e-05
 198 2.80002 2.84707 1.85828e-05
 199 2.8 3.04341 1.22464e-05
 200 2.80001 3.23975 1.27467e-05
 201 2.80001 3.4361 1.04977e-05
 202 2.80001 3.63245 1.37346e-05
 203 2.80001 3.82881 1.13746e-05
 204 2.8 4.02516 1.48169e-05
 205 2.80001 4.22151 1.13694e-05
 206 2.80001 4.41786 1.57304e-05
 207 2.80001 4.6142 1.81662e-05
 208 2.80001 4.81055 1.75255e-05
 209 2.80001 5.00691 1.29222e-05
 210 2.80001 5.20326 1.2795e-05
 211 2.80001 5.39961 1.49665e-05
 212 2.80001 5.59596 1.2349e-05
 213 2.80001 5.7923 1.34538e-05
 214 2.80001 5.98865 1.16811e-05
 215 2.80001 6.18499 1.80714e-05
 216 2.80002 0.0981612 1.91448e-05
 217 2.80001 0.294509 1.67073e-05
 218 2.8 0.490867 1.67776e-05
 219 2.80001 0.687209 1.30276e-05
 220 2.80001 0.883558 1.04426e-05
 221 2.80002 1.07992 1.47003e-05
 222 2.80001 1.27626 1.9284e-05
 223 2.80002 1.4726 1.14407e-05
 224 2.6 1.66895 1.09208e-05
 225 2.6 1.86532 1.56162e-05
 226 2.6 2.06166 1.1015e-05
 227 2.6 2.258 1.8653e-05
 228 2.60001 2.45436 1.55714e-05
 229 2.60002 2.65072 1.66541e-05
 230 2.60002 2.84706 1.33469e-05
 231 2.60001 3.0434 1.17499e-05
 232 2.60002 3.23976 1.28453e-05
 233 2.6 3.43612 1.82031e-05
 234 2.60002 3.63246 1.15924e-05
 235 2.60002 3.8288 1.05616e-05
 236 2.60001 4.02516 1.51977e-05
 237 2.60001 4.2215 1.39693e-05
 238 2.6 4.41786 1.03455e-05
 239 2.60002 4.6142 1.36433e-05
 240 2.60001 4.81056 1.40253e-05
 241 2.60001 5.0069 1.30824e-05
 242 2.6 5.20326 1.10857e-05
 243 2.60001 5.39961 1.27084e-05
 244 2.60001 5.59595 1.27989e-05
 245 2.6 5.79229 1.7682e-05
 246 2.60001 5.98865 1.73951e-05
 247 2.60001 6.18501 1.71414e-05
 248 2.60001 0.0981567 1.00749e-05
 249 2.60002 0.294507 1.1436e-05
 250 2.6 0.490866 1.58424e-05
 251 2.6 0.687211 1.97389e-05
 252 2.60001 0.883567 1.63263e-05
 253 2.60002 1.07992 1.72153e-05
 254 2.60001 1.27626 1.67931e-05
 255 2.6 1.47262 1.69967e-05
 256 2.40001 1.66897 1.84978e-05
 257 2.40001 1.8653 1.59924e-05
 258 2.4 2.06166 1.85392e-05
 259 2.4 2.258 1.24852e-05
 260 2.40001 2.45437 1.26476e-05
 261 2.40002 2.65071 1.26262e-05
 262 2.4 2.84705 1.98979e-05
 263 2.4 3.0434 1.71143e-05
 264 2.40002 3.23976 1.08667e-05
 265 2.4 3.43612 1.10804e-05
 266 2.40001 3.63245 1.20062e-05
 267 2.40001 3.82881 1.2355e-05
 268 2.4 4.02516 1.98782e-05
 269 2.4 4.22151 1.61808e-05
 270 2.4 4.41786 1.16795e-05
 271 2.40001 4.61421 1.14137e-05
 272 2.40001 4.81055 1.65051e-05
 273 2.40002 5.00689 1.49152e-05
 274 2.40001 5.20325 1.42894e-05
 275 2.40001 5.39959 1.11193e-05
 276 2.40001 5.59595 1.33699e-05
 277 2.40002 5.79231 1.03211e-05
 278 2.40002 5.98865 1.2096e-05
 279 2.4 6.185 1.92005e-05
 280 2.40001 0.098164 1.06989e-05
 281 2.4 0.294515 1.9382e-05
 282 2.40002 0.490867 1.80059e-05
 283 2.4 0.68722 1.49448e-05
 284 2.40002 0.883556 1.53878e-05
 285 2.40001 1.07992 1.09955e-05
 286 2.4 1.27626 1.43315e-05
 287 2.40002 1.4726 1.82327e-05
 288 2.20002 1.66896 1.11963e-05
 289 2.2 1.86531 1.03262e-05
 290 2.20001 2.06167 1.9292e-05
 291 2.20001 2.25802 1.42389e-05
 292 2.20002 2.45437 1.72518e-05
 293 2.20002 2.6507 1.15431e-05
 294 2.20001 2.84705 1.72346e-05
 295 2.20001 3.04341 1.18942e-05
 296 2.20002 3.23976 1.80594e-05
 297 2.20002 3.4361 1.4569e-05
 298 2.20001 3.63246 1.03163e-05
 299 2.20001 3.82881 1.00019e-05
 300 2.20002 4.02515 1.95237e-05
 301 2.20001 4.2215 1.73769e-05
 302 2.20001 4.41786 1.4511e-05
 303 2.20002 4.61421 1.80547e-05
 304 2.20001 4.81056 1.69722e-05
 305 2.2 5.0069 1.93109e-05
 306 2.20002 5.20325 1.31708e-05
 307 2.20002 5.39961 1.64143e-05
 308 2.20001 5.59594 1.33856e-05
 309 2.20001 5.7923 1.5023e-05
 310 2.20001 5.98865 1.08156e-05
 311 2.20001 6.18499 1.41353e-05
 312 2.20001 0.0981583 1.17147e-05
 313 2.20001 0.294505 1.77128e-05
 314 2.2 0.490857 1.35128e-05
 315 2.20002 0.687205 1.30606e-05
 316 2.20001 0.883568 1.70911e-05
 317 2.2 1.07992 1.54465e-05
 318 2.20001 1.27627 1.25129e-05
 319 2.2 1.47262 1.12801e-05
 320 2.00001 1.66896 1.31922e-05
 321 2.00002 1.86531 1.17039e-05
 322 2.00001 2.06166 1.42891e-05
 323 2 2.258 1.31813e-05
 324 2.00001 2.45435 1.59069e-05
 325 2.00002 2.65071 1.68443e-05
 326 2.00002 2.84706 1.03e-05
 327 2.00002 3.0434 1.72139e-05
 328 2.00002 3.23975 1.99947e-05
 329 2.00001 3.43611 1.65963e-05
 330 2.00001 3.63247 1.81216e-05
 331 2.00002 3.8288 1.94509e-05
 332 2.00001 4.02515 1.7858e-05
 333 2 4.2215 1.25388e-05
 334 2.00001 4.41786 1.38005e-05
 335 2.00001 4.61421 1.22949e-05
 336 2.00001 4.81056 1.65574e-05
 337 2.00001 5.0069 1.92355e-05
 338 2 5.20324 1.12583e-05
 339 2.00001 5.39961 1.94506e-05
 340 2.00002 5.59594 1.84452e-05
 341 2 5.79229 1.78213e-05
 342 2.00002 5.98865 1.07082e-05
 343 2.00001 6.185 1.45646e-05
 344 2.00001 0.098164 1.85894e-05
 345 2.00001 0.294518 1.45172e-05
 346 2.00002 0.490856 1.19579e-05
 347 2.00001 0.687208 1.17463e-05
 348 2 0.88357 1.54876e-05
 349 2.00001 1.07992 1.55731e-05
 350 2.00001 1.27625 1.99357e-05
 351 2.00001 1.47261 1.00294e-05
 352 1.8 1.66896 1.96598e-05
 353 1.80001 1.86532 1.98126e-05
 354 1.80001 2.06167 1.73239e-05
 355 1.80001 2.258 1.30719e-05
 356 1.8 2.45435 1.62365e-05
 357 1.80001 2.65071 1.42266e-05
 358 1.8 2.84705 1.92565e-05
 359 1.80002 3.04342 1.90726e-05
 360 1.8 3.23975 1.8773e-05
 361 1.80001 3.43612 1.88291e-05
 362 1.80002 3.63247 1.73693e-05
 363 1.80001 3.82881 1.08831e-05
 364 1.8 4.02515 1.94711e-05
 365 1.80001 4.22151 1.39839e-05
 366 1.80001 4.41786 1.03913e-05
 367 1.80001 4.61421 1.51742e-05
 368 1.8 4.81055 1.24019e-05
 369 1.80001 5.0069 1.52147e-05
 370 1.8 5.20326 1.73861e-05
 371 1.80002 5.39959 1.48088e-05
 372 1.80002 5.59595 1.38021e-05
 373 1.80001 5.7923 1.72565e-05
 374 1.80001 5.98864 1.10929e-05
 375 1.80002 6.18501 1.59979e-05
 376 1.80001 0.0981607 1.53862e-05
 377 1.8 0.29452 1.60439e-05
 378 1.80001 0.490861 1.43751e-05
 379 1.80001 0.687216 1.19594e-05
 380 1.8 0.88357 1.44348e-05
 381 1.80001 1.07992 1.35631e-05
 382 1.80001 1.27626 1.08892e-05
 383 1.80002 1.47261 1.14522e-05
 384 1.60001 1.66896 1.77738e-05
 385 1.6 1.86532 1.08959e-05
 386 1.60002 2.06167 1.46708e-05
 387 1.60001 2.25801 1.22073e-05
 388 1.60002 2.45436 1.59239e-05
 389 1.6 2.65071 1.4098e-05
 390 1.60001 2.84705 1.51539e-05
 391 1.6 3.04341 1.29554e-05
 392 1.60002 3.23975 1.71098e-05
 393 1.60001 3.43611 1.51859e-05
 394 1.6 3.63245 1.88077e-05
 395 1.60002 3.82881 1.38209e-05
 396 1.6 4.02515 1.66215e-05
 397 1.60001 4.2215 1.90647e-05
 398 1.60001 4.41785 1.56876e-05
 399 1.60001 4.6142 1.50837e-05
 400 1.60001 4.81056 1.41056e-05
 401 1.60002 5.0069 1.64848e-05
 402 1.60002 5.20325 1.81966e-05
 403 1.60001 5.39961 1.53887e-05
 404 1.60001 5.59596 1.91127e-05
 405 1.6 5.7923 1.13234e-05
 406 1.6 5.98864 1.85349e-05
 407 1.60002 6.185 1.76191e-05
 408 1.60001 0.0981669 1.55245e-05
 409 1.6 0.294507 1.72493e-05
 410 1.6 0.490874 1.8673e-05
 411 1.6 0.687205 1.98123e-05
 412 1.60002 0.883572 1.80583e-05
 413 1.60001 1.07991 1.11824e-05
 414 1.6 1.27625 1.95481e-05
 415 1.60001 1.47261 1.44681e-05
 416 1.40001 1.66895 1.88323e-05
 417 1.40001 1.8653 1.86063e-05
 418 1.40001 2.06166 1.58735e-05
 419 1.40001 2.25801 1.75725e-05
 420 1.4 2.45436 1.65439e-05
 421 1.40002 2.65071 1.0114e-05
 422 1.4 2.84705 1.33381e-05
 423 1.4 3.04341 1.80541e-05
 424 1.40001 3.23976 1.18177e-05
 425 1.4 3.43611 1.15651e-05
 426 1.40002 3.63245 1.0913e-05
 427 1.40001 3.82882 1.78269e-05
 428 1.4 4.02516 1.64577e-05
 429 1.40001 4.2215 1.67176e-05
 430 1.4 4.41785 1.8554e-05
 431 1.4 4.6142 1.6831e-05
 432 1.40001 4.81055 1.09183e-05
 433 1.40001 5.0069 1.47146e-05
 434 1.40001 5.20325 1.2161e-05
 435 1.40001 5.39961 1.12875e-05
 436 1.40001 5.59595 1.46751e-05
 437 1.4 5.79231 1.33798e-05
 438 1.40002 5.98866 1.98774e-05
 439 1.40001 6.18501 1.20075e-05
 440 1.40001 0.0981585 1.60063e-05
 441 1.40001 0.294518 1.26705e-05
 442 1.4 0.490863 1.97459e-05
 443 1.4 0.687218 1.14684e-05
 444 1.40002 0.88357 1.83778e-05
 445 1.40001 1.07992 1.69925e-05
 446 1.40001 1.27626 1.83881e-05
 447 1.40001 1.4726 1.68551e-05
 448 1.20001 1.66895 1.06508e-05
 449 1.20001 1.86531 1.30693e-05
 450 1.20001 2.06167 1.03391e-05
 451 1.20001 2.258 1.73726e-05
 452 1.20002 2.45435 1.29863e-05
 453 1.20002 2.65071 1.1828e-05
 454 1.20001 2.84706 1.86446e-05
 455 1.20001 3.04341 1.94291e-05
 456 1.2 3.23975 1.12531e-05
 457 1.20002 3.4361 1.38767e-05
 458 1.2 3.63246 1.1398e-05
 459 1.2 3.82881 1.99321e-05
 460 1.2 4.02515 1.41362e-05
 461 1.20002 4.2215 1.10875e-05
 462 1.20001 4.41786 1.12089e-05
 463 1.20002 4.61421 1.16932e-05
 464 1.20001 4.81056 1.40013e-05
 465 1.20002 5.0069 1.84083e-05
 466 1.20001 5.20325 1.68264e-05
 467 1.20001 5.39961 1.33456e-05
 468 1.20002 5.59596 1.35007e-05
 469 1.20001 5.7923 1.35519e-05
 470 1.20001 5.98864 1.49388e-05
 471 1.20002 6.185 1.59398e-05
 472 1.20001 0.0981653 1.18687e-05
 473 1.20001 0.294519 1.54622e-05
 474 1.20001 0.490861 1.58166e-05
 475 1.20002 0.687217 1.90748e-05
 476 1.20001 0.88356 1.14403e-05
 477 1.20001 1.07991 1.17222e-05
 478 1.2 1.27627 1.20541e-05
 479 1.20001 1.47262 1.19998e-05
 480 1.00002 1.66895 1.88399e-05
 481 1 1.8653 1.82221e-05
 482 1.00001 2.06166 1.19181e-05
 483 1.00001 2.25801 1.13164e-05
 484 1.00002 2.45435 1.35636e-05
 485 1.00002 2.65071 1.50649e-05
 486 1 2.84706 1.05415e-05
 487 1.00001 3.04341 1.79533e-05
 488 1.00002 3.23975 1.12274e-05
 489 1.00002 3.43611 1.73422e-05
 490 1 3.63247 1.45694e-05
 491 1.00001 3.8288 1.86972e-05
 492 1.00001 4.02515 1.9707e-05
 493 1.00002 4.22151 1.89154e-05
 494 1.00001 4.41786 1.73661e-05
 495 1.00002 4.61421 1.62677e-05
 496 1.00001 4.81055 1.97816e-05
 497 1 5.0069 1.09355e-05
 498 1.00001 5.20325 1.56229e-05
 499 1.00001 5.3996 1.22407e-05
 500 1.00002 5.59596 1.4629e-05
 501 1.00001 5.7923 1.61723e-05
 502 1.00001 5.98865 1.25768e-05
 503 1.00001 6.185 1.49097e-05
 504 1.00001 0.0981584 1.40466e-05
 505 1.00001 0.294508 1.58154e-05
 506 1 0.490859 1.78451e-05
 507 1.00002 0.687222 1.55489e-05
 508 1.00002 0.883567 1.1436e-05
 509 1 1.0799 1.21632e-05
 510 1.00001 1.27626 1.78025e-05
 511 1.00001 1.47261 1.84805e-05
 512 0.80002 1.66897 1.88986e-05
 513 0.800012 1.86532 1.10075e-05
 514 0.800015 2.06166 1.66236e-05
 515 0.800004 2.258 1.77656e-05
 516 0.800004 2.45437 1.96344e-05
 517 0.800017 2.6507 1.9484e-05
 518 0.800008 2.84706 1.47146e-05
 519 0.800004 3.04341 1.99709e-05
 520 0.800005 3.23976 1.29478e-05
 521 0.800008 3.43611 1.05416e-05
 522 0.800009 3.63246 1.14788e-05
 523 0.800003 3.82881 1.6569e-05
 524 0.800008 4.02515 1.40074e-05
 525 0.800007 4.22151 1.65017e-05
 526 0.800001 4.41786 1.83228e-05
 527 0.8 4.6142 1.11153e-05
 528 0.800001 4.81056 1.86051e-05
 529 0.800005 5.0069 1.79185e-05
 530 0.8 5.20325 1.70338e-05
 531 0.800006 5.39961 1.23972e-05
 532 0.800005 5.59595 1.46954e-05
 533 0.800005 5.7923 1.58141e-05
 534 0.800015 5.98865 1.65342e-05
 535 0.800019 6.185 1.86884e-05
 536 0.800013 0.0981576 1.37369e-05
 537 0.800014 0.29452 1.70647e-05
 538 0.80002 0.490874 1.39931e-05
 539 0.80002 0.687211 1.83414e-05
 540 0.800001 0.883571 1.33708e-05
 541 0.800019 1.07991 1.15816e-05
 542 0.800009 1.27626 1.94213e-05
 543 0.800011 1.47262 1.78147e-05
 544 0.600003 1.66896 1.68821e-05
 545 0.600007 1.86531 1.36609e-05
 546 0.600011 2.06165 1.46444e-05
 547 0.600003 2.25802 1.62963e-05
 548 0.600014 2.45436 1.77999e-05
 549 0.600016 2.65071 1.59981e-05
 550 0.60001 2.84706 1.35376e-05
 551 0.600017 3.04341 1.51295e-05
 552 0.600001 3.23976 1.58118e-05
 553 0.600005 3.4361 1.69394e-05
 554 0.600004 3.63246 1.35319e-05
 555 0.600016 3.82881 1.22045e-05
 556 0.600008 4.02516 1.14869e-05
 557 0.600018 4.2215 1.61306e-05
 558 0.600003 4.41785 1.23722e-05
 559 0.600002 4.6142 1.31551e-05
 560 0.600004 4.81056 1.70354e-05
 561 0.600013 5.0069 1.28427e-05
 562 0.600011 5.20326 1.43459e-05
 563 0.600013 5.3996 1.07149e-05
 564 0.600012 5.59594 1.79095e-05
 565 0.6 5.79231 1.76008e-05
 566 0.600011 5.98864 1.35661e-05
 567 0.6 6.185 1.48718e-05
 568 0.600019 0.0981644 1.97496e-05
 569 0.600011 0.294522 1.35243e-05
 570 0.600011 0.49086 1.24407e-05
 571 0.600019 0.687206 1.66267e-05
 572 0.600008 0.883557 1.74807e-05
 573 0.600001 1.07992 1.50453e-05
 574 0.600011 1.27626 1.09552e-05
 575 0.600004 1.47261 1.57593e-05
 576 0.40001 1.66896 1.32724e-05
 577 0.400006 1.86531 1.69331e-05
 578 0.400009 2.06166 1.36641e-05
 579 0.400001 2.25802 1.16415e-05
 580 0.400016 2.45437 1.9482e-05
 581 0.400007 2.65071 1.77731e-05
 582 0.400017 3.63246 1.46187e-05
 583 0.400005 3.8288 1.48414e-05
 584 0.400019 4.02516 1.68014e-05
 585 0.400012 4.2215 1.05549e-05
 586 0.400003 4.41785 1.89404e-05
 587 0.400016 4.61421 1.40677e-05
 588 0.400001 4.81056 1.73968e-05
 589 0.400005 5.0069 1.22357e-05
 590 0.400017 5.20325 1.32499e-05
 591 0.400014 5.39959 1.99482e-05
 592 0.400016 5.59596 1.08276e-05
 593 0.40002 5.79231 1.69859e-05
 594 0.400019 5.98865 1.37853e-05
 595 0.400013 6.18501 1.90516e-05
 596 0.400002 0.098169 1.88061e-05
 597 0.400008 0.294506 1.86367e-05
 598 0.400004 0.490871 1.56823e-05
 599 0.400012 0.68721 1.33048e-05
 600 0.400007 0.883557 1.65798e-05
 601 0.400017 1.07991 1.93388e-05
 602 0.400014 1.27625 1.15378e-05
 603 0.400003 1.47261 1.77324e-05
 604 0.200018 1.66897 1.42794e-05
 605 0.20001 1.86532 1.75868e-05
 606 0.200012 2.06166 1.3819e-05
 607 0.200014 2.25801 1.73637e-05
 608 0.200009 2.45437 1.56377e-05
 609 0.200007 2.6507 1.26906e-05
 610 0.200013 3.63246 1.22277e-05
 611 0.20001 3.82881 1.53731e-05
 612 0.200019 4.02515 1.75848e-05
 613 0.200001 4.22151 1.66533e-05
 614 0.200016 4.41786 1.67778e-05
 615 0.200001 4.61421 1.42029e-05
 616 0.200013 4.81056 1.61087e-05
 617 0.200017 5.00691 1.81123e-05
 618 0.200008 5.20326 1.50625e-05
 619 0.200011 5.3996 1.26622e-05
 620 0.200017 5.59595 1.36221e-05
 621 0.200017 5.79229 1.87348e-05
 622 0.200019 5.98865 1.81251e-05
 623 0.200003 6.185 1.24329e-05
 624 0.200011 0.0981653 1.76034e-05
 625 0.20001 0.294505 1.69185e-05
 626 0.200016 0.687205 1.7292e-05
 627 0.200009 0.883557 1.80162e-05
 628 0.200013 1.07991 1.08023e-05
 629 0.200003 1.27627 1.37294e-05
 630 0.200008 1.4726 1.04499e-05
 631 4.38369e-06 1.66895 1.70789e-05
 632 5.94472e-07 1.8653 1.64922e-05
 633 3.15303e-06 2.06167 1.33993e-05
 634 4.98047e-06 2.258 1.11432e-05
 635 1.0358e-05 2.45435 1.71275e-05
 636 1.12464e-05 3.82881 1.36518e-05
 637 1.06399e-05 4.02516 1.27611e-05
 638 1.055e-05 4.22151 1.30064e-05
 639 8.22013e-07 4.41786 1.49334e-05
 640 1.07831e-05 4.61421 1.68111e-05
 641 1.70225e-05 4.81056 1.33543e-05
 642 1.91093e-05 5.0069 1.82339e-05
 643 3.95307e-06 5.20326 1.61006e-05
 644 8.97947e-06 5.3996 1.44693e-05
 645 1.24752e-05 5.59594 1.75258e-05
 646 1.2537e-05 5.7923 1.39632e-05
 647 1.32596e-05 5.98866 1.85384e-05
 648 6.95803e-06 6.185 1.18689e-05
 649 3.42669e-06 0.0981564 1.7624e-05
 650 1.49783e-06 0.294511 1.49697e-05
 651 9.24499e-08 0.68721 1.26025e-05
 652 1.04388e-05 0.883567 1.7649e-05
 653 1.70487e-05 1.07991 1.42126e-05
 654 6.32648e-07 1.27627 1.76105e-05
 655 5.957e-06 1.4726 1.13853e-05
 656 -0.199994 1.66895 1.27523e-05
 657 -0.199986 1.86531 1.68116e-05
 658 -0.199993 2.06166 1.64091e-05
 659 -0.199982 2.25801 1.04741e-05
 660 -0.199989 2.45435 1.16065e-05
 661 -0.199999 2.6507 1.50669e-05
 662 -0.199989 3.63246 1.77908e-05
 663 -0.199995 3.82881 1.33236e-05
 664 -0.199996 4.02515 1.82101e-05
 665 -0.199984 0.098159 1.23419e-05
 666 -0.199984 0.294515 1.84941e-05
 667 -0.199988 0.687215 1.43209e-05
 668 -0.199991 0.883555 1.47057e-05
 669 -0.199985 1.07992 1.3313e-05
 670 -0.199986 1.27626 1.19802e-05
 671 -0.199996 1.47261 1.48393e-05
 672 -0.399991 2.06165 1.30045e-05
 673 -0.399997 2.25802 1.17006e-05
 674 -0.399981 2.45436 1.62664e-05
 675 -0.4 2.65071 1.40952e-05
 676 -0.39999 3.63246 1.47924e-05
 677 -0.399989 3.82881 1.9071e-05
 678 -0.399991 4.02515 1.12148e-05
 679 -0.399987 4.2215 1.34624e-05
 680 -0.399984 4.41786 1.8767e-05
 681 -0.399993 4.61419 1.18139e-05
 682 -0.599984 3.43611 1.50421e-05
 683 -0.599984 3.63245 1.59305e-05
 684 -0.599994 3.8288 1.08683e-05
 685 -0.59999 4.02516 1.79445e-05
 686 -0.599995 4.22151 1.23895e-05
 687 -0.599986 4.41785 1.89559e-05
 688 -0.6 4.61421 1.91688e-05
 689 -0.799988 3.43611 1.28412e-05
 690 -0.799988 3.63246 1.34315e-05
 691 -0.799999 3.8288 1.213e-05
 692 -0.799998 4.02515 1.87117e-05
 693 -0.799999 4.22151 1.72836e-05
 694 -0.799985 4.41785 1.85297e-05
 695 -0.799985 4.61421 1.74775e-05
 696 -0.999994 3.23975 1.54405e-05
 697 -0.999984 3.4361 1.81471e-05
 698 -0.999991 3.63247 1.8485e-05
 699 -0.999991 3.82881 1.63079e-05
 700 -0.999987 4.02516 1.91402e-05
 701 -0.99998 4.2215 1.84694e-05
 702 -0.999997 4.41786 1.81138e-05
 703 -0.999995 4.6142 1.82703e-05
 704 -1.2 3.23977 1.87361e-05
 705 -1.2 3.4361 1.92119e-05
 706 -1.19999 3.63245 1.19785e-05
 707 -1.19998 3.82881 1.82056e-05
 708 -1.19999 4.02515 1.67987e-05
 709 -1.19999 4.2215 1.86681e-05
 710 -1.19998 4.41785 1.07162e-05
 711 -1.39999 3.23976 1.6338e-05
 712 -1.39998 3.43611 1.5748e-05
 713 -1.4 3.63245 1.19809e-05
 714 -1.39999 3.82881 1.10669e-05
 715 -1.39999 4.2215 1.78886e-05
 716 -1.59998 3.23977 1.64661e-05
 717 -1.6 3.63246 1.46462e-05
 718 -1.59999 3.43612 1.42606e-05
#END
7 -2.8471 2.38094 0.000384594
 0 -2 2.45436 1.71697e-05
 1 -2.19999 2.45436 1.95275e-05
 2 -2.19999 2.65071 1.25633e-05
 3 -2.39999 2.25801 1.67654e-05
 4 -2.39999 2.45435 1.58171e-05
 5 -2.39999 2.65072 1.43639e-05
 6 -2.6 2.25802 1.38216e-05
 7 -2.6 2.45437 1.20753e-05
 8 -2.6 2.6507 1.54121e-05
 9 -2.79999 2.06166 1.26815e-05
 10 -2.79999 2.25801 1.31116e-05
 11 -2.8 2.45435 1.34099e-05
 12 -2.79999 2.65071 1.34809e-05
 13 -2.99999 1.86531 1.94536e-05
 14 -3 2.06166 1.26439e-05
 15 -3 2.25801 1.33995e-05
 16 -3 2.45435 1.97571e-05
 17 -2.99999 2.6507 1.45389e-05
 18 -3.19998 1.86531 1.00326e-05
 19 -3.19999 2.06167 1.16999e-05
 20 -3.19999 2.25802 1.72137e-05
 21 -3.19998 2.45436 1.73943e-05
 22 -3.19998 2.65071 1.23703e-05
 23 -3.39999 2.258 1.01327e-05
 24 -3.39999 2.45435 1.81801e-05
 25 -3.59999 2.45436 1.41078e-05
 26 -3.4 2.65071 1.36971e-05
#END
8 -2.22807 3.24417 0.000383341
 0 -1.59999 3.04342 1.49632e-05
 1 -1.79998 2.84706 1.36562e-05
 2 -1.79999 3.04341 1.92404e-05
 3 -1.8 3.23976 1.5644e-05
 4 -1.79999 3.43611 1.30404e-05
 5 -2 2.84707 1.20509e-05
 6 -1.99999 3.04341 1.17357e-05
 7 -2 3.23975 1.04015e-05
 8 -1.99999 3.43611 1.11918e-05
 9 -1.99998 3.63245 1.41723e-05
 10 -2.19999 2.84706 1.87815e-05
 11 -2.19999 3.04341 1.59102e-05
 12 -2.19999 3.23977 1.94887e-05
 13 -2.2 3.4361 1.96113e-05
 14 -2.19998 3.63246 1.4147e-05
 15 -2.39999 2.84706 1.67371e-05
 16 -2.39999 3.0434 1.44803e-05
 17 -2.4 3.23976 1.01287e-05
 18 -2.39998 3.43611 1.48584e-05
 19 -2.39999 3.63245 1.06724e-05
 20 -2.39999 3.82881 1.69325e-05
 21 -2.59999 2.84705 1.44483e-05
 22 -2.6 3.04341 1.08452e-05
 23 -2.6 3.23976 1.42762e-05
 24 -2.59998 3.43611 1.20924e-05
 25 -2.59999 3.63246 1.52158e-05
 26 -2.8 2.84705 1.26045e-05
 27 -2.59998 3.8288 1.53293e-05
#END
9 -2.24595 6.01565 0.00035476
 0 -1.79999 5.59595 1.06749e-05
 1 -1.79998 5.79229 1.43832e-05
 2 -1.79998 5.98865 1.31822e-05
 3 -1.99998 5.59596 1.32513e-05
 4 -1.99999 5.7923 1.5032e-05
 5 -2 5.98865 1.10297e-05
 6 -1.99999 6.185 1.59872e-05
 7 -1.99999 0.098161 1.33116e-05
 8 -2.19999 5.3996 1.89097e-05
 9 -2.19999 5.59596 1.43758e-05
 10 -2.19999 5.7923 1.27633e-05
 11 -2.19998 5.98864 1.95077e-05
 12 -2.19999 6.18501 1.13184e-05
 13 -2.19999 0.0981684 1.84316e-05
 14 -2.2 0.294522 1.1825e-05
 15 -2.39999 5.3996 1.16582e-05
 16 -2.39999 5.59595 1.06621e-05
 17 -2.39999 5.7923 1.28317e-05
 18 -2.39999 5.98866 1.39441e-05
 19 -2.39998 6.18501 1.08789e-05
 20 -2.39999 0.0981592 1.63922e-05
 21 -2.4 0.294509 1.89965e-05
 22 -2.59998 5.79231 1.34244e-05
 23 -2.59999 5.98864 1.32197e-05
 24 -2.59998 6.185 1.65456e-05
 25 -2.59998 0.294517 1.53101e-05
 26 -2.6 0.0981558 1.02475e-05
#END
10 -1.85123 4.97157 0.000325625
 0 -1.4 4.41785 1.32103e-05
 1 -1.39999 4.6142 1.96571e-05
 2 -1.39998 4.81054 1.36025e-05
 3 -1.59998 4.61421 1.53739e-05
 4 -1.59998 4.81054 1.7514e-05
 5 -1.59999 5.0069 1.51591e-05
 6 -1.59998 5.20325 1.6963e-05
 7 -1.59999 5.39961 1.38801e-05
 8 -1.79998 4.61421 1.41149e-05
 9 -1.79998 4.81056 1.46736e-05
 10 -1.8 5.0069 1.64866e-05
 11 -1.79999 5.20326 1.37161e-05
 12 -1.79998 5.39961 1.0675e-05
 13 -1.99999 4.81056 1.52351e-05
 14 -1.99999 5.0069 1.99741e-05
 15 -1.99998 5.20325 1.4354e-05
 16 -2 5.3996 1.38572e-05
 17 -2.19999 4.81054 1.79508e-05
 18 -2.19999 5.00691 1.11488e-05
 19 -2.19999 5.20325 1.47402e-05
 20 -2.4 5.20325 1.89091e-05
 21 -2.39999 5.00691 1.61469e-05
#END
11 -1.0537 2.81928 0.000316985
 0 -0.599999 2.65071 1.85258e-05
 1 -0.599987 2.84706 1.3188e-05
 2 -0.599994 3.0434 1.03362e-05
 3 -0.599983 3.23976 1.72744e-05
 4 -0.799981 2.45435 1.20445e-05
 5 -0.799995 2.65071 1.22332e-05
 6 -0.799984 2.84706 1.15791e-05
 7 -0.799989 3.0434 1.23757e-05
 8 -0.799986 3.23976 1.44571e-05
 9 -0.999984 2.45437 1.19456e-05
 10 -0.999991 2.65072 1.14494e-05
 11 -0.999984 2.84706 1.5706e-05
 12 -0.999989 3.04341 1.51821e-05
 13 -1.19999 2.45436 1.30331e-05
 14 -1.19998 2.65071 1.45881e-05
 15 -1.19998 2.84706 1.88429e-05
 16 -1.2 3.0434 1.47963e-05
 17 -1.39999 2.45436 1.04574e-05
 18 -1.39999 2.65071 1.51504e-05
 19 -1.39998 2.84706 1.59635e-05
 20 -1.39999 3.04341 1.64654e-05
 21 -1.59999 2.84705 1.87781e-05
 22 -1.6 2.6507 1.14516e-05
#END
12 -1.329 0.0488935 0.000316359
 0 -0.399993 0.294522 1.3902e-05
 1 -0.599993 0.294516 1.00843e-05
 2 -0.799986 0.0981654 1.85242e-05
 3 -0.799994 0.294512 1.39545e-05
 4 -0.99998 0.0981697 1.93273e-05
 5 -0.999996 0.294513 1.50375e-05
 6 -1.19999 6.185 1.00857e-05
 7 -1.19999 0.0981559 1.54244e-05
 8 -1.19998 0.294507 1.05705e-05
 9 -1.39999 5.7923 1.5345e-05
 10 -1.39999 5.98866 1.82786e-05
 11 -1.39999 6.185 1.13248e-05
 12 -1.4 0.0981733 1.10748e-05
 13 -1.39999 0.294512 1.32977e-05
 14 -1.6 5.79229 1.14121e-05
 15 -1.6 5.98866 1.76762e-05
 16 -1.6 6.185 1.31023e-05
 17 -1.59998 0.0981727 1.23121e-05
 18 -1.59999 0.29452 1.26642e-05
 19 -1.79999 6.185 1.7186e-05
 20 -1.8 0.0981742 1.68643e-05
 21 -2 0.294523 1.22748e-05
 22 -1.79999 0.294517 1.6769e-05
#END
13 -0.872579 1.95751 0.000312818
 0 -0.399982 1.66896 1.79297e-05
 1 -0.399981 1.86531 1.91988e-05
 2 -0.599985 1.66896 1.64094e-05
 3 -0.599981 1.86531 1.06497e-05
 4 -0.599987 2.06165 1.92415e-05
 5 -0.599982 2.25802 1.05196e-05
 6 -0.599982 2.45436 1.42017e-05
 7 -0.799981 1.66897 1.14943e-05
 8 -0.799992 1.8653 1.75583e-05
 9 -0.799983 2.06166 1.93253e-05
 10 -0.799995 2.258 1.48034e-05
 11 -0.999995 1.66896 1.53827e-05
 12 -0.999994 1.8653 1.71537e-05
 13 -0.999984 2.06166 1.97909e-05
 14 -0.999982 2.258 1.1245e-05
 15 -1.19998 1.66896 1.66653e-05
 16 -1.19998 1.8653 1.67039e-05
 17 -1.19999 2.06166 1.15354e-05
 18 -1.19998 2.258 1.55363e-05
 19 -1.4 2.06166 1.29691e-05
 20 -1.4 1.86532 1.26237e-05
#END
14 -2.56812 4.36787 0.000279379
 0 -2.19998 4.41786 1.50396e-05
 1 -2.2 4.61421 1.67661e-05
 2 -2.39999 4.02515 1.63767e-05
 3 -2.39999 4.2215 1.84769e-05
 4 -2.39999 4.41786 1.15995e-05
 5 -2.39999 4.6142 1.9276e-05
 6 -2.4 4.81056 1.82298e-05
 7 -2.59999 4.02515 1.68763e-05
 8 -2.6 4.2215 1.06906e-05
 9 -2.6 4.41786 1.91752e-05
 10 -2.59999 4.6142 1.74506e-05
 11 -2.59998 4.81055 1.45515e-05
 12 -2.6 5.00691 1.51793e-05
 13 -2.79999 3.63246 1.29935e-05
 14 -2.79998 3.8288 1.40487e-05
 15 -2.79998 4.02515 1.16893e-05
 16 -2.79999 4.2215 1.38892e-05
 17 -2.99998 4.2215 1.42578e-05
 18 -2.8 4.41785 1.92408e-05
#END
15 -1.85893 4.10019 0.000251198
 0 -1.39998 4.02515 1.80339e-05
 1 -1.59999 3.82881 1.56764e-05
 2 -1.59999 4.02515 1.07815e-05
 3 -1.6 4.2215 1.16816e-05
 4 -1.59999 4.41786 1.0347e-05
 5 -1.79999 3.63246 1.05734e-05
 6 -1.79999 3.82881 1.40522e-05
 7 -1.79999 4.02516 1.79871e-05
 8 -1.79998 4.22151 1.31787e-05
 9 -1.79998 4.41785 1.75701e-05
 10 -1.99999 3.82882 1.85771e-05
 11 -2 4.02516 1.78164e-05
 12 -1.99999 4.2215 1.13678e-05
 13 -1.99999 4.41785 1.30608e-05
 14 -1.99999 4.6142 1.65121e-05
 15 -2.19999 3.8288 1.26152e-05
 16 -2.2 4.22151 1.45545e-05
 17 -2.19999 4.02515 1.49589e-05
#END
16 -3.08323 0.900624 0.000250422
 0 -2.79999 0.490867 1.5128e-05
 1 -2.79999 0.68721 1.92753e-05
 2 -2.79999 0.883569 1.44161e-05
 3 -2.8 1.07991 1.37379e-05
 4 -2.99998 0.49087 1.71486e-05
 5 -2.99999 0.687206 1.29822e-05
 6 -2.99999 0.88356 1.61934e-05
 7 -2.99999 1.07992 1.90387e-05
 8 -2.99998 1.27626 1.98954e-05
 9 -3.19999 0.687207 1.66914e-05
 10 -3.19999 0.883563 1.54839e-05
 11 -3.19999 1.07991 1.39504e-05
 12 -3.19999 1.27626 1.62625e-05
 13 -3.4 0.883563 1.98171e-05
 14 -3.6 0.883571 1.122e-05
 15 -3.39999 1.07991 1.65091e-05
#END
17 -0.49032 0.993569 0.000244472
 0 0.200008 0.490871 1.10837e-05
 1 1.06189e-05 0.490865 1.07068e-05
 2 -0.199983 0.490864 1.38837e-05
 3 -0.399981 0.490871 1.05004e-05
 4 -0.399986 0.687207 1.70452e-05
 5 -0.399997 0.88356 1.77443e-05
 6 -0.399987 1.07991 1.38479e-05
 7 -0.399994 1.27625 1.52554e-05
 8 -0.399986 1.47261 1.92523e-05
 9 -0.599984 0.687217 1.64739e-05
 10 -0.599988 0.883568 1.89292e-05
 11 -0.6 1.07991 1.25496e-05
 12 -0.599991 1.27627 1.26024e-05
 13 -0.59998 1.47262 1.10716e-05
 14 -0.79999 0.883571 1.44767e-05
 15 -0.799988 1.07991 1.01633e-05
 16 -0.799983 1.47262 1.98347e-05
 17 -0.799993 1.27627 1.40806e-05
#END
18 -3.48633 0.429502 0.000221727
 0 -2.79998 0.294515 1.30465e-05
 1 -2.99999 0.294518 1.81851e-05
 2 -3.19999 0.294508 1.79805e-05
 3 -3.2 0.490857 1.34345e-05
 4 -3.39999 0.294511 1.14467e-05
 5 -3.39999 0.490869 1.90712e-05
 6 -3.39999 0.687212 1.89997e-05
 7 -3.59999 0.294514 1.8259e-05
 8 -3.6 0.490865 1.93657e-05
 9 -3.6 0.687213 1.08914e-05
 10 -3.8 0.29451 1.10082e-05
 11 -3.79998 0.490856 1.25534e-05
 12 -3.79999 0.687212 1.01111e-05
 13 -4 0.490855 1.00626e-05
 14 -3.99998 0.294514 1.97708e-05
#END
