# ../areas-test-mean-class -incl 1.0 -r 0.4 -in HIevent-LHC-Nch1600.dat -discard 1.0 
#---------------------------------------------------------------------
#                     FastJet release 2.1 beta    			 
#            Written by Matteo Cacciari and Gavin Salam		 
#            http://www.lpthe.jussieu.fr/~salam/fastjet		 
#								      	 
# Longitudinally invariant Kt Jet clustering, using the fast geometric
# algorithms of hep-ph/0512210 (please cite this if you use FastJet)  
# This package makes use of the CGAL library: http://www.cgal.org/    
# This package incorporates T.Chan's closest-pair algorithm, Proc. 13th     
# ACM-SIAM Symposium on Discrete Algorithms, pp.472-473, 2002
#---------------------------------------------------------------------
# median_pt_per_area = 68.8548
# sub_a, sub_b = 86.2697 -1.68525
 ijet   rap      phi        Pt       area  +-   err   stddev  pt_corr  ptcr(a,b)
    0  -0.14559  0.97326    160.444  0.908 +-  0.000  0.000     97.95     82.18
    1  -0.23106  3.95849    146.565  0.758 +-  0.000  0.000     94.38     81.24
    2  -1.24127  1.01531     63.758  0.628 +-  0.000  0.000     20.50     11.18
    3  -1.58386  6.13268     56.916  0.688 +-  0.000  0.000      9.53      0.46
    4  -2.28076  0.27262     52.985  0.479 +-  0.000  0.000     20.02     15.88
    5   1.77532  2.53994     49.782  0.459 +-  0.000  0.000     18.19     12.64
    6   2.57859  2.76395     48.721  0.479 +-  0.000  0.000     15.76     12.79
    7   4.36769  3.24653     48.070  0.698 +-  0.000  0.000     -0.00     10.29
    8   2.38449  1.24288     47.957  0.648 +-  0.000  0.000      3.32     -1.76
    9  -3.71580  1.86020     47.196  0.738 +-  0.000  0.000     -3.62      0.70
   10   1.98808  5.01085     46.563  0.389 +-  0.000  0.000     19.78     15.60
   11   0.07001  3.34338     46.404  0.568 +-  0.000  0.000      7.26     -2.63
   12   1.83811  5.83382     46.278  0.559 +-  0.000  0.000      7.82      1.28
   13  -2.31412  3.10867     44.705  0.479 +-  0.000  0.000     11.74      7.73
   14  -1.35066  3.25936     43.919  0.479 +-  0.000  0.000     10.96      4.09
   15   3.80767  0.21623     42.680  0.559 +-  0.000  0.000      4.22      8.14
   16  -1.82822  0.55427     40.187  0.399 +-  0.000  0.000     12.72      8.02
   17  -2.13529  4.19975     39.787  0.419 +-  0.000  0.000     10.94      6.87
   18   3.18629  6.12777     39.602  0.539 +-  0.000  0.000      2.52      2.36
   19   2.19216  4.47155     38.883  0.379 +-  0.000  0.000     12.79      9.26
   20  -0.98576  6.16712     38.166  0.339 +-  0.000  0.000     14.82      9.47
   21  -0.69161  4.81076     37.881  0.469 +-  0.000  0.000      5.61     -2.18
   22  -0.27469  1.71136     37.622  0.379 +-  0.000  0.000     11.53      4.98
   23  -1.14095  2.69349     37.370  0.439 +-  0.000  0.000      7.15      0.48
   24  -2.64804  1.64694     37.064  0.519 +-  0.000  0.000      1.36     -1.55
   25  -2.24990  2.27296     36.840  0.379 +-  0.000  0.000     10.75      7.38
   26   1.25073  0.23463     36.280  0.509 +-  0.000  0.000      1.26     -6.26
   27   1.54131  4.51066     36.094  0.369 +-  0.000  0.000     10.69      5.74
   28   1.28939  2.08691     35.760  0.339 +-  0.000  0.000     12.41      7.46
   29  -4.60198  5.78867     35.697  0.489 +-  0.000  0.000      2.05     10.98
   30   1.01331  3.41791     35.463  0.499 +-  0.000  0.000      1.13     -6.69
   31   1.03741  5.43689     35.253  0.399 +-  0.000  0.000      7.78      1.56
   32   5.05191  5.89158     35.252  0.658 +-  0.000  0.000    -10.07      6.78
   33   0.06329  6.12383     34.827  0.379 +-  0.000  0.000      8.73      2.13
   34  -1.54092  1.76078     34.723  0.409 +-  0.000  0.000      6.57      1.08
   35   1.75724  1.73408     34.569  0.339 +-  0.000  0.000     11.22      7.08
   36  -0.43827  5.44107     34.355  0.399 +-  0.000  0.000      6.89      0.07
   37   0.96013  4.21304     34.081  0.249 +-  0.000  0.000     16.91     12.96
   38   0.53100  5.09571     33.645  0.399 +-  0.000  0.000      6.18     -0.58
   39  -1.84778  1.37976     33.429  0.459 +-  0.000  0.000      1.84     -3.51
   40  -0.72469  3.34548     33.428  0.439 +-  0.000  0.000      3.21     -4.04
   41   2.93708  0.63669     32.031  0.519 +-  0.000  0.000     -3.68     -5.17
   42  -0.06700  2.57245     31.843  0.449 +-  0.000  0.000      0.94     -6.87
   43   4.21918  0.73756     31.600  0.449 +-  0.000  0.000      0.70      6.35
   44   1.11868  0.82872     31.392  0.249 +-  0.000  0.000     14.22     10.41
   45   5.07470  5.09365     31.263  0.419 +-  0.000  0.000      2.42     13.31
   46  -0.62898  2.11128     31.157  0.319 +-  0.000  0.000      9.18      3.84
   47  -1.46283  4.33075     30.978  0.409 +-  0.000  0.000      2.82     -2.82
   48   1.75670  0.80478     29.773  0.469 +-  0.000  0.000     -2.50     -8.23
   49  -0.84271  4.14641     29.667  0.419 +-  0.000  0.000      0.83     -5.97
   50   2.19052  6.15575     29.631  0.289 +-  0.000  0.000      9.72      7.02
   51  -0.80324  1.55613     29.543  0.379 +-  0.000  0.000      3.45     -2.74
   52   2.34842  3.67594     29.538  0.469 +-  0.000  0.000     -2.74     -6.54
   53   4.51496  1.32439     29.442  0.509 +-  0.000  0.000     -5.58      3.04
   54   0.37223  1.74088     28.940  0.379 +-  0.000  0.000      2.84     -3.67
   55   1.15305  4.93953     28.894  0.289 +-  0.000  0.000      8.98      4.59
   56  -5.33673  2.73343     28.452  0.439 +-  0.000  0.000     -1.76     11.66
   57   3.75562  1.11655     28.337  0.339 +-  0.000  0.000      4.99      7.14
   58   0.68958  0.87505     28.288  0.309 +-  0.000  0.000      7.00      1.86
   59   2.18471  0.51828     27.855  0.319 +-  0.000  0.000      5.88      2.89
   60   3.47404  4.25919     27.724  0.449 +-  0.000  0.000     -3.18     -1.87
   61   2.04508  3.01517     27.196  0.259 +-  0.000  0.000      9.34      6.65
   62   3.33261  4.90585     26.863  0.439 +-  0.000  0.000     -3.35     -2.78
   63  -2.84636  5.18841     26.770  0.379 +-  0.000  0.000      0.68     -0.75
   64   4.79351  4.03498     26.765  0.529 +-  0.000  0.000     -9.63      1.63
   65   2.63668  0.04191     26.419  0.339 +-  0.000  0.000      3.07      1.14
   66  -2.92495  2.20942     25.758  0.409 +-  0.000  0.000     -2.40     -3.62
   67   2.70015  1.91202     25.374  0.279 +-  0.000  0.000      6.15      4.71
   68   3.76744  3.71253     25.369  0.299 +-  0.000  0.000      4.77      6.71
   69   4.64334  5.11538     24.915  0.379 +-  0.000  0.000     -1.18      5.99
   70   4.87952  2.56447     24.846  0.539 +-  0.000  0.000    -12.24     -0.01
   71  -5.00942  2.09389     24.800  0.479 +-  0.000  0.000     -8.16      3.75
   72  -4.83420  3.68054     24.757  0.539 +-  0.000  0.000    -12.33     -0.49
   73  -5.81133  4.82480     24.462  0.449 +-  0.000  0.000     -6.44     11.29
   74   6.72311  2.81234     24.345  0.000 +-  0.000  0.000     24.34     24.34
   75   1.11025  1.30862     24.251  0.269 +-  0.000  0.000      5.71      1.58
   76   1.57677  5.14713     24.166  0.259 +-  0.000  0.000      6.31      2.88
   77   3.99850  1.72310     24.138  0.588 +-  0.000  0.000    -16.38    -10.77
   78   3.80005  2.52475     24.055  0.549 +-  0.000  0.000    -13.71     -9.92
   79  -1.54966  2.42655     24.013  0.279 +-  0.000  0.000      4.78      1.05
   80  -4.97343  5.14228     23.913  0.598 +-  0.000  0.000    -17.29     -2.77
   81   2.40147  2.21558     23.762  0.219 +-  0.000  0.000      8.65      6.97
   82   3.28999  2.81052     23.721  0.359 +-  0.000  0.000     -1.00     -0.70
   83  -0.59279  2.80208     23.644  0.339 +-  0.000  0.000      0.30     -5.41
   84   0.56520  2.79481     23.514  0.279 +-  0.000  0.000      4.29     -0.43
   85  -0.16985  4.79239     23.393  0.319 +-  0.000  0.000      1.42     -4.12
   86  -1.86228  3.75522     23.389  0.339 +-  0.000  0.000      0.04     -3.88
   87  -4.17544  0.53965     23.351  0.399 +-  0.000  0.000     -4.12      0.66
   88  -4.33367  3.24903     23.196  0.529 +-  0.000  0.000    -13.20     -5.68
   89   0.99494  2.60158     22.906  0.329 +-  0.000  0.000      0.24     -4.94
   90  -5.05021  6.23699     22.533  0.379 +-  0.000  0.000     -3.56      6.13
   91  -2.71267  2.63946     22.437  0.339 +-  0.000  0.000     -0.91     -2.61
   92  -3.07107  0.19808     22.360  0.329 +-  0.000  0.000     -0.30     -0.80
   93   0.31638  5.54874     22.234  0.209 +-  0.000  0.000      7.81      4.20
   94   6.92547  4.35459     22.123  0.000 +-  0.000  0.000     22.12     22.12
   95   3.82278  3.24282     22.017  0.319 +-  0.000  0.000      0.04      2.34
   96  -4.06392  5.72105     21.979  0.239 +-  0.000  0.000      5.50      7.99
   97   0.56437  2.36149     21.740  0.239 +-  0.000  0.000      5.26      1.22
   98  -0.38618  0.07544     21.696  0.389 +-  0.000  0.000     -5.09    -11.76
   99   2.00065  2.06478     21.667  0.209 +-  0.000  0.000      7.25      5.01
  100  -0.74054  0.55007     21.494  0.269 +-  0.000  0.000      2.95     -1.49
  101   2.38766  5.38533     21.480  0.259 +-  0.000  0.000      3.63      1.60
  102   2.85662  3.78881     21.254  0.329 +-  0.000  0.000     -1.41     -2.61
  103   2.70642  5.09251     21.185  0.199 +-  0.000  0.000      7.45      6.44
  104   2.71476  4.68849     21.132  0.269 +-  0.000  0.000      2.59      1.25
  105  -2.14180  4.73383     21.034  0.359 +-  0.000  0.000     -3.69     -7.16
  106  -2.29183  5.89717     21.021  0.259 +-  0.000  0.000      3.17      0.95
  107   0.46720  5.96877     20.946  0.239 +-  0.000  0.000      4.47      0.38
  108   1.69639  1.29433     20.914  0.269 +-  0.000  0.000      2.37     -1.01
  109  -5.65904  4.07783     20.880  0.738 +-  0.000  0.000    -29.94     -2.96
  110   5.88934  3.19262     20.844  0.349 +-  0.000  0.000     -3.19     11.13
  111   4.34071  5.64001     20.794  0.439 +-  0.000  0.000     -9.42     -3.13
  112   3.13427  1.28463     20.789  0.369 +-  0.000  0.000     -4.62     -4.94
  113  -3.81283  2.51571     20.751  0.439 +-  0.000  0.000     -9.46     -6.36
  114  -3.05834  4.66151     20.750  0.369 +-  0.000  0.000     -4.66     -5.27
  115  -3.11528  5.86888     20.382  0.269 +-  0.000  0.000      1.84      1.56
  116  -3.88973  4.84665     20.299  0.479 +-  0.000  0.000    -12.66     -8.79
  117   5.54017  4.62276     20.124  0.479 +-  0.000  0.000    -12.84      3.59
  118  -0.74350  5.80387     20.115  0.199 +-  0.000  0.000      6.38      3.09
  119   0.67908  1.32409     20.111  0.219 +-  0.000  0.000      5.00      1.35
  120  -1.10812  5.05674     19.835  0.239 +-  0.000  0.000      3.35     -0.32
  121  -4.03541  6.19220     19.661  0.249 +-  0.000  0.000      2.49      4.99
  122  -6.81068  1.59924     19.538  0.000 +-  0.000  0.000     19.54     19.54
  123   7.39705  1.95014     19.532  0.000 +-  0.000  0.000     19.53     19.53
  124  -5.46578  1.04261     19.456  0.578 +-  0.000  0.000    -20.37     -1.32
  125  -3.95344  1.26833     19.303  0.369 +-  0.000  0.000     -6.11     -2.81
  126   5.99536  5.74785     19.044  0.349 +-  0.000  0.000     -4.99     10.08
  127   2.87296  3.16891     18.977  0.279 +-  0.000  0.000     -0.25     -1.23
  128  -2.93539  3.17397     18.875  0.229 +-  0.000  0.000      3.08      2.42
  129  -3.24990  1.14783     18.862  0.279 +-  0.000  0.000     -0.37     -0.26
  130   2.64961  4.19526     18.827  0.259 +-  0.000  0.000      0.97     -0.48
  131  -2.97311  4.12750     18.806  0.309 +-  0.000  0.000     -2.48     -3.26
  132   7.70788  5.30188     18.513  0.000 +-  0.000  0.000     18.51     18.51
  133   3.89790  5.81661     18.507  0.239 +-  0.000  0.000      2.03      3.99
  134  -3.40421  5.29759     18.327  0.319 +-  0.000  0.000     -3.65     -2.97
  135  -4.65567  1.06194     17.741  0.429 +-  0.000  0.000    -11.79     -3.59
  136  -2.63473  0.80545     17.701  0.309 +-  0.000  0.000     -3.59     -5.35
  137  -5.79992  5.40508     17.567  0.359 +-  0.000  0.000     -7.15      6.95
  138   3.39398  5.61769     17.430  0.249 +-  0.000  0.000      0.26      0.76
  139  -3.54872  3.30326     17.359  0.439 +-  0.000  0.000    -12.86    -11.19
  140  -4.86359  0.63230     17.261  0.219 +-  0.000  0.000      2.15      7.08
  141   5.27591  1.04423     17.218  0.389 +-  0.000  0.000     -9.56      1.91
  142   1.15221  5.86338     17.195  0.180 +-  0.000  0.000      4.83      2.11
  143   3.89925  5.17383     17.103  0.319 +-  0.000  0.000     -4.87     -2.25
  144   6.21481  1.82579     17.080  0.199 +-  0.000  0.000      3.35     12.86
  145   0.60221  4.39273     17.077  0.259 +-  0.000  0.000     -0.78     -5.13
  146   3.24633  3.51394     16.839  0.219 +-  0.000  0.000      1.73      1.81
  147  -4.48765  4.28323     16.807  0.588 +-  0.000  0.000    -23.71    -13.99
  148  -2.90060  3.66159     16.782  0.339 +-  0.000  0.000     -6.57     -7.66
  149   0.17876  4.59085     16.668  0.249 +-  0.000  0.000     -0.50     -4.83
  150  -4.62306  0.02715     16.421  0.279 +-  0.000  0.000     -2.81      2.39
  151  -3.63281  0.20557     16.353  0.219 +-  0.000  0.000      1.25      2.30
  152   1.79858  3.99312     16.336  0.180 +-  0.000  0.000      3.98      1.83
  153   1.55800  3.17684     16.309  0.299 +-  0.000  0.000     -4.29     -8.28
  154  -1.14331  1.99692     15.769  0.160 +-  0.000  0.000      4.78      2.35
  155   7.51678  0.98418     15.769  0.000 +-  0.000  0.000     15.77     15.77
  156   2.58074  5.75413     15.717  0.219 +-  0.000  0.000      0.61     -0.75
  157   6.17966  4.34146     15.596  0.070 +-  0.000  0.000     10.79     14.07
  158   0.85682  6.15908     15.449  0.239 +-  0.000  0.000     -1.03     -4.90
  159   6.52861  0.89032     15.017  0.000 +-  0.000  0.000     15.02     15.02
  160  -5.25909  3.37498     14.919  0.439 +-  0.000  0.000    -15.30     -2.48
  161  -2.21208  3.47204     14.917  0.259 +-  0.000  0.000     -2.94     -5.31
  162  -3.61177  5.79175     14.823  0.309 +-  0.000  0.000     -6.46     -5.05
  163   5.47869  2.88957     14.806  0.399 +-  0.000  0.000    -12.66      0.57
  164   3.38142  1.84644     14.641  0.449 +-  0.000  0.000    -16.26    -15.43
  165   4.07776  4.12459     14.620  0.399 +-  0.000  0.000    -12.85     -8.62
  166   3.41837  0.80552     14.617  0.140 +-  0.000  0.000      5.00      5.32
  167  -2.64562  5.70115     14.586  0.219 +-  0.000  0.000     -0.52     -1.75
  168  -6.94909  5.59587     14.547  0.000 +-  0.000  0.000     14.55     14.55
  169   2.94176  5.53064     14.525  0.180 +-  0.000  0.000      2.16      1.66
  170  -6.27031  1.42977     14.521  0.090 +-  0.000  0.000      8.34     12.73
  171  -6.39211  5.03234     14.381  0.000 +-  0.000  0.000     14.38     14.38
  172  -3.86430  3.69362     14.310  0.299 +-  0.000  0.000     -6.29     -3.97
  173   4.78399  0.73782     14.289  0.269 +-  0.000  0.000     -4.25      1.44
  174  -4.60989  4.84788     14.209  0.289 +-  0.000  0.000     -5.71     -0.38
  175  -2.11212  5.23631     14.137  0.319 +-  0.000  0.000     -7.84    -11.00
  176   1.92116  3.59954     14.117  0.199 +-  0.000  0.000      0.38     -1.85
  177  -5.80396  2.84302     14.113  0.279 +-  0.000  0.000     -5.11      5.87
  178   4.63883  4.57925     13.879  0.289 +-  0.000  0.000     -6.04     -0.58
  179  -5.74634  0.28896     13.854  0.369 +-  0.000  0.000    -11.55      2.55
  180   4.56801  0.14682     13.816  0.439 +-  0.000  0.000    -16.40     -8.61
  181  -1.78273  5.56746     13.786  0.189 +-  0.000  0.000      0.74     -1.55
  182  -1.44557  5.27682     13.708  0.259 +-  0.000  0.000     -4.15     -7.75
  183   7.31628  4.44255     13.632  0.000 +-  0.000  0.000     13.63     13.63
  184   6.18506  1.28006     13.598  0.120 +-  0.000  0.000      5.36     10.99
  185  -2.80752  6.14727     13.452  0.229 +-  0.000  0.000     -2.34     -3.29
  186   1.42358  3.83946     13.261  0.239 +-  0.000  0.000     -3.22     -6.57
  187  -1.87383  2.67366     13.223  0.239 +-  0.000  0.000     -3.26     -6.01
  188   0.63835  3.75541     13.084  0.259 +-  0.000  0.000     -4.77     -9.11
  189  -7.33405  1.62487     13.040  0.000 +-  0.000  0.000     13.04     13.04
  190   5.57767  3.91795     12.892  0.549 +-  0.000  0.000    -24.88     -5.67
  191   6.11306  2.56088     12.888  0.170 +-  0.000  0.000      1.21      8.94
  192  -6.18476  2.55170     12.873  0.030 +-  0.000  0.000     10.81     12.22
  193  -2.16725  0.96810     12.752  0.189 +-  0.000  0.000     -0.30     -2.10
  194  -5.35603  5.63378     12.679  0.279 +-  0.000  0.000     -6.55      2.09
  195  -3.66261  0.89909     12.634  0.199 +-  0.000  0.000     -1.10     -0.06
  196   7.71016  4.75977     12.608  0.000 +-  0.000  0.000     12.61     12.61
  197   6.78720  0.30772     12.549  0.000 +-  0.000  0.000     12.55     12.55
  198  -7.70679  4.34763     12.525  0.000 +-  0.000  0.000     12.53     12.53
  199   3.97881  4.70317     12.310  0.279 +-  0.000  0.000     -6.92     -4.33
  200  -1.09182  5.56340     12.257  0.180 +-  0.000  0.000     -0.10     -2.87
  201   6.96618  6.10495     11.979  0.000 +-  0.000  0.000     11.98     11.98
  202   5.48442  6.28122     11.906  0.279 +-  0.000  0.000     -7.32      1.97
  203  -6.50085  3.20759     11.800  0.000 +-  0.000  0.000     11.80     11.80
  204  -7.54320  0.76751     11.783  0.000 +-  0.000  0.000     11.78     11.78
  205   5.54455  5.17369     11.731  0.299 +-  0.000  0.000     -8.87      1.42
  206  -0.01075  2.09142     11.730  0.150 +-  0.000  0.000      1.43     -1.18
  207   6.95028  5.52968     11.695  0.000 +-  0.000  0.000     11.69     11.69
  208  -4.63093  2.66975     11.695  0.429 +-  0.000  0.000    -17.83     -9.80
  209  -5.37054  1.57561     11.634  0.269 +-  0.000  0.000     -6.91      1.49
  210  -2.81909  1.26193     11.581  0.140 +-  0.000  0.000      1.97      1.41
  211  -6.16954  0.00407     11.548  0.090 +-  0.000  0.000      5.37      9.56
  212  -7.80182  3.71726     11.379  0.000 +-  0.000  0.000     11.38     11.38
  213  -7.47197  5.69659     10.957  0.000 +-  0.000  0.000     10.96     10.96
  214   8.44099  5.27802     10.805  0.000 +-  0.000  0.000     10.80     10.80
  215   5.88073  0.27244     10.782  0.259 +-  0.000  0.000     -7.07      3.52
  216  -8.80707  2.64208     10.779  0.000 +-  0.000  0.000     10.78     10.78
  217  -2.60184  4.49497     10.758  0.209 +-  0.000  0.000     -3.66     -4.92
  218  -3.37116  2.59230     10.624  0.269 +-  0.000  0.000     -7.92     -7.45
  219   4.44806  2.33988     10.596  0.170 +-  0.000  0.000     -1.08      1.62
  220  -8.23544  2.19926     10.533  0.000 +-  0.000  0.000     10.53     10.53
  221  -1.42314  3.75353     10.441  0.160 +-  0.000  0.000     -0.55     -2.78
  222  -7.95600  1.12565     10.313  0.000 +-  0.000  0.000     10.31     10.31
  223  -8.51921  5.48803     10.243  0.000 +-  0.000  0.000     10.24     10.24
  224   0.37255  0.58516     10.218  0.140 +-  0.000  0.000      0.60     -1.79
  225  -6.96471  3.45069     10.215  0.000 +-  0.000  0.000     10.22     10.22
  226  -7.72751  6.04702     10.058  0.000 +-  0.000  0.000     10.06     10.06
  227   5.69737  0.83074     10.050  0.219 +-  0.000  0.000     -5.06      3.12
  228  -4.80791  1.54562      9.817  0.459 +-  0.000  0.000    -21.77    -11.89
  229  -7.02375  0.77279      9.766  0.000 +-  0.000  0.000      9.77      9.77
  230  -7.48876  3.10160      9.719  0.000 +-  0.000  0.000      9.72      9.72
  231  -6.42442  5.92167      9.715  0.020 +-  0.000  0.000      8.34      9.38
  232   5.30712  0.59087      9.511  0.249 +-  0.000  0.000     -7.66     -0.16
  233   5.04619  1.70112      9.505  0.269 +-  0.000  0.000     -9.04     -2.17
  234   0.84511  1.87762      9.496  0.189 +-  0.000  0.000     -3.55     -6.62
  235  -3.48564  3.97732      9.121  0.189 +-  0.000  0.000     -3.93     -3.35
  236   4.70573  1.94133      9.118  0.180 +-  0.000  0.000     -3.24      0.33
  237  -3.42567  4.39044      8.940  0.180 +-  0.000  0.000     -3.42     -3.00
  238  -6.19638  3.77744      8.922  0.040 +-  0.000  0.000      6.17      8.06
  239  -1.63369  4.85500      8.843  0.160 +-  0.000  0.000     -2.14     -4.21
  240  -4.49983  2.16034      8.773  0.160 +-  0.000  0.000     -2.21      0.45
  241  -6.36099  2.06927      8.746  0.000 +-  0.000  0.000      8.75      8.75
  242  -1.12240  0.25882      8.707  0.130 +-  0.000  0.000     -0.22     -2.20
  243   9.44862  0.37276      8.608  0.000 +-  0.000  0.000      8.61      8.61
  244   7.34605  3.69229      8.526  0.000 +-  0.000  0.000      8.53      8.53
  245  -9.67296  1.26732      8.438  0.000 +-  0.000  0.000      8.44      8.44
  246  -8.30472  4.59096      8.413  0.000 +-  0.000  0.000      8.41      8.41
  247  -3.90744  4.24073      8.384  0.229 +-  0.000  0.000     -7.41     -5.50
  248   5.23366  2.11243      8.363  0.389 +-  0.000  0.000    -18.42     -7.24
  249   7.41674  1.50901      8.347  0.000 +-  0.000  0.000      8.35      8.35
  250  -4.49148  5.26105      8.326  0.199 +-  0.000  0.000     -5.41     -2.10
  251  -9.63555  2.14803      8.308  0.000 +-  0.000  0.000      8.31      8.31
  252  -7.49378  0.14523      8.291  0.000 +-  0.000  0.000      8.29      8.29
  253  -4.15383  0.91864      8.229  0.150 +-  0.000  0.000     -2.07     -0.33
  254   5.03919  3.46476      8.209  0.269 +-  0.000  0.000    -10.33     -3.50
  255  -6.04426  3.21558      8.025  0.060 +-  0.000  0.000      3.91      6.55
  256   2.89204  2.28325      7.953  0.150 +-  0.000  0.000     -2.35     -2.84
  257   6.92997  2.20957      7.900  0.000 +-  0.000  0.000      7.90      7.90
  258   6.08785  5.06558      7.890  0.100 +-  0.000  0.000      1.02      5.52
  259  -5.87265  2.15098      7.819  0.299 +-  0.000  0.000    -12.78     -0.60
  260   6.99018  1.37977      7.759  0.000 +-  0.000  0.000      7.76      7.76
  261  -6.52574  0.42324      7.674  0.000 +-  0.000  0.000      7.67      7.67
  262   8.39326  2.02640      7.645  0.000 +-  0.000  0.000      7.65      7.65
  263  -5.81849  0.71703      7.591  0.199 +-  0.000  0.000     -6.14      1.76
  264  -7.49635  2.63039      7.524  0.000 +-  0.000  0.000      7.52      7.52
  265  -6.23252  0.91166      7.512  0.050 +-  0.000  0.000      4.08      6.47
  266  -6.91327  2.18208      7.506  0.000 +-  0.000  0.000      7.51      7.51
  267   7.64104  5.97443      7.486  0.000 +-  0.000  0.000      7.49      7.49
  268   0.55147  0.20374      7.292  0.219 +-  0.000  0.000     -7.82    -11.52
  269  -8.27794  1.49055      7.282  0.000 +-  0.000  0.000      7.28      7.28
  270  -3.26495  0.67632      7.206  0.259 +-  0.000  0.000    -10.65    -10.51
  271   6.94206  5.10451      7.184  0.000 +-  0.000  0.000      7.18      7.18
  272   5.65479  1.67383      7.124  0.209 +-  0.000  0.000     -7.30      0.34
  273  -9.59992  5.72814      7.049  0.000 +-  0.000  0.000      7.05      7.05
  274   8.77718  3.35229      6.921  0.000 +-  0.000  0.000      6.92      6.92
  275   7.92475  3.50236      6.853  0.000 +-  0.000  0.000      6.85      6.85
  276   8.78347  2.75642      6.812  0.000 +-  0.000  0.000      6.81      6.81
  277  -7.55140  4.99368      6.804  0.000 +-  0.000  0.000      6.80      6.80
  278   7.78137  2.65461      6.764  0.000 +-  0.000  0.000      6.76      6.76
  279   9.97407  4.72677      6.621  0.000 +-  0.000  0.000      6.62      6.62
  280  10.68534  3.13652      6.603  0.000 +-  0.000  0.000      6.60      6.60
  281  -7.80507  2.10926      6.596  0.000 +-  0.000  0.000      6.60      6.60
  282   8.33658  4.86494      6.589  0.000 +-  0.000  0.000      6.59      6.59
  283  -8.13155  6.12173      6.559  0.000 +-  0.000  0.000      6.56      6.56
  284 -10.94394  0.99092      6.465  0.000 +-  0.000  0.000      6.47      6.47
  285   8.09837  2.97742      6.460  0.000 +-  0.000  0.000      6.46      6.46
  286  -6.38529  4.44228      6.358  0.000 +-  0.000  0.000      6.36      6.36
  287   7.31398  2.44967      6.275  0.000 +-  0.000  0.000      6.27      6.27
  288  -9.20963  0.87426      6.254  0.000 +-  0.000  0.000      6.25      6.25
  289   9.41830  3.82611      6.236  0.000 +-  0.000  0.000      6.24      6.24
  290  -9.44462  4.55732      6.131  0.000 +-  0.000  0.000      6.13      6.13
  291   6.11174  3.67889      5.887  0.040 +-  0.000  0.000      3.14      4.96
  292   8.82501  0.90755      5.834  0.000 +-  0.000  0.000      5.83      5.83
  293  -5.78596  6.03831      5.767  0.189 +-  0.000  0.000     -7.28      0.11
  294  -6.96449  4.67957      5.766  0.000 +-  0.000  0.000      5.77      5.77
  295  -8.04380  0.55879      5.679  0.000 +-  0.000  0.000      5.68      5.68
  296  -8.12235  3.02228      5.532  0.000 +-  0.000  0.000      5.53      5.53
  297   6.09841  0.68248      5.351  0.040 +-  0.000  0.000      2.60      4.41
  298   9.96650  2.27365      5.265  0.000 +-  0.000  0.000      5.26      5.26
  299  12.65842  1.57636      5.262  0.000 +-  0.000  0.000      5.26      5.26
  300   9.85964  1.71807      5.200  0.000 +-  0.000  0.000      5.20      5.20
  301 -10.74435  5.93349      5.064  0.000 +-  0.000  0.000      5.06      5.06
  302  -7.36533  2.11008      5.018  0.000 +-  0.000  0.000      5.02      5.02
  303   8.22189  0.99777      4.989  0.000 +-  0.000  0.000      4.99      4.99
  304   9.58950  5.22140      4.944  0.000 +-  0.000  0.000      4.94      4.94
  305  -9.28094  3.43938      4.941  0.000 +-  0.000  0.000      4.94      4.94
  306 -10.58757  1.24307      4.896  0.000 +-  0.000  0.000      4.90      4.90
  307  -9.89022  0.62543      4.845  0.000 +-  0.000  0.000      4.85      4.85
  308   8.33033  5.90663      4.732  0.000 +-  0.000  0.000      4.73      4.73
  309   9.34218  5.86048      4.714  0.000 +-  0.000  0.000      4.71      4.71
  310 -10.18879  2.49854      4.709  0.000 +-  0.000  0.000      4.71      4.71
  311  -8.29478  4.06482      4.638  0.000 +-  0.000  0.000      4.64      4.64
  312  13.82718  3.46731      4.600  0.000 +-  0.000  0.000      4.60      4.60
  313 -11.87092  0.16439      4.486  0.000 +-  0.000  0.000      4.49      4.49
  314   7.29133  3.04963      4.478  0.000 +-  0.000  0.000      4.48      4.48
  315 -10.96129  4.32440      4.403  0.000 +-  0.000  0.000      4.40      4.40
  316  -8.72903  1.61876      4.399  0.000 +-  0.000  0.000      4.40      4.40
  317  -6.84895  3.83760      4.399  0.000 +-  0.000  0.000      4.40      4.40
  318  -5.81250  1.69355      4.279  0.110 +-  0.000  0.000     -3.27      1.06
  319  -9.18593  5.16636      4.251  0.000 +-  0.000  0.000      4.25      4.25
  320 -11.06120  0.08930      4.201  0.000 +-  0.000  0.000      4.20      4.20
  321   8.83203  6.18274      4.172  0.000 +-  0.000  0.000      4.17      4.17
  322  -7.17172  6.00246      4.103  0.000 +-  0.000  0.000      4.10      4.10
  323   7.67386  3.95441      4.048  0.000 +-  0.000  0.000      4.05      4.05
  324   6.92645  3.53040      4.048  0.000 +-  0.000  0.000      4.05      4.05
  325 -10.24830  3.27894      4.029  0.000 +-  0.000  0.000      4.03      4.03
  326  10.72540  6.06777      4.014  0.000 +-  0.000  0.000      4.01      4.01
  327  10.38097  0.76260      3.977  0.000 +-  0.000  0.000      3.98      3.98
  328   9.29979  2.36078      3.883  0.000 +-  0.000  0.000      3.88      3.88
  329  -9.97687  3.95637      3.849  0.000 +-  0.000  0.000      3.85      3.85
  330   9.33987  1.39182      3.822  0.000 +-  0.000  0.000      3.82      3.82
  331 -11.81392  5.09882      3.801  0.000 +-  0.000  0.000      3.80      3.80
  332   7.27474  5.79792      3.755  0.000 +-  0.000  0.000      3.76      3.76
  333   8.80937  5.68993      3.705  0.000 +-  0.000  0.000      3.71      3.71
  334   8.27452  1.58870      3.696  0.000 +-  0.000  0.000      3.70      3.70
  335  -8.48295  0.46861      3.686  0.000 +-  0.000  0.000      3.69      3.69
  336  10.20959  0.36449      3.541  0.000 +-  0.000  0.000      3.54      3.54
  337 -12.27327  2.51380      3.526  0.000 +-  0.000  0.000      3.53      3.53
  338  -8.65137  6.15024      3.483  0.000 +-  0.000  0.000      3.48      3.48
  339 -10.59730  5.05768      3.415  0.000 +-  0.000  0.000      3.42      3.42
  340   9.75799  0.01902      3.365  0.000 +-  0.000  0.000      3.36      3.36
  341  10.75493  2.30760      3.326  0.000 +-  0.000  0.000      3.33      3.33
  342  12.28668  2.53283      3.266  0.000 +-  0.000  0.000      3.27      3.27
  343   8.23750  4.28080      3.200  0.000 +-  0.000  0.000      3.20      3.20
  344  10.47838  1.96834      3.175  0.000 +-  0.000  0.000      3.17      3.17
  345   8.03560  2.31083      3.166  0.000 +-  0.000  0.000      3.17      3.17
  346  11.10227  1.86876      3.076  0.000 +-  0.000  0.000      3.08      3.08
  347  -9.72141  3.36616      3.057  0.000 +-  0.000  0.000      3.06      3.06
  348   7.55188  0.24027      3.011  0.000 +-  0.000  0.000      3.01      3.01
  349  -7.09405  4.18889      2.997  0.000 +-  0.000  0.000      3.00      3.00
  350  10.91741  0.20334      2.979  0.000 +-  0.000  0.000      2.98      2.98
  351   6.36375  6.12667      2.875  0.000 +-  0.000  0.000      2.88      2.88
  352  -9.17641  4.13435      2.810  0.000 +-  0.000  0.000      2.81      2.81
  353  10.30166  2.79714      2.747  0.000 +-  0.000  0.000      2.75      2.75
  354 -13.88296  0.82313      2.523  0.000 +-  0.000  0.000      2.52      2.52
  355 -10.55003  0.83730      2.522  0.000 +-  0.000  0.000      2.52      2.52
  356 -10.77312  2.80717      2.494  0.000 +-  0.000  0.000      2.49      2.49
  357  12.05604  1.24132      2.464  0.000 +-  0.000  0.000      2.46      2.46
  358  12.37080  3.00321      2.330  0.000 +-  0.000  0.000      2.33      2.33
  359 -14.74024  0.10278      2.304  0.000 +-  0.000  0.000      2.30      2.30
  360  12.86092  3.78833      2.300  0.000 +-  0.000  0.000      2.30      2.30
  361  10.22119  6.13866      2.258  0.000 +-  0.000  0.000      2.26      2.26
  362  11.59707  1.76997      2.223  0.000 +-  0.000  0.000      2.22      2.22
  363 -12.42305  3.04092      2.175  0.000 +-  0.000  0.000      2.17      2.17
  364   8.79065  1.93625      2.149  0.000 +-  0.000  0.000      2.15      2.15
  365 -12.22579  5.76122      2.144  0.000 +-  0.000  0.000      2.14      2.14
  366  14.08599  2.32599      2.125  0.000 +-  0.000  0.000      2.13      2.13
  367  -8.89782  3.18128      2.065  0.000 +-  0.000  0.000      2.06      2.06
  368  -7.09757  2.85273      2.047  0.000 +-  0.000  0.000      2.05      2.05
  369  11.49152  3.93647      2.037  0.000 +-  0.000  0.000      2.04      2.04
  370  10.52997  4.36923      1.957  0.000 +-  0.000  0.000      1.96      1.96
  371  15.78154  4.19764      1.899  0.000 +-  0.000  0.000      1.90      1.90
  372 -12.47846  3.46224      1.763  0.000 +-  0.000  0.000      1.76      1.76
  373 -10.25685  0.26522      1.741  0.000 +-  0.000  0.000      1.74      1.74
  374   8.92319  3.91732      1.722  0.000 +-  0.000  0.000      1.72      1.72
  375  11.61789  5.41372      1.634  0.000 +-  0.000  0.000      1.63      1.63
  376 -11.17579  4.87288      1.589  0.000 +-  0.000  0.000      1.59      1.59
  377 -10.08753  1.50974      1.585  0.000 +-  0.000  0.000      1.59      1.59
  378  -9.24133  1.46291      1.557  0.000 +-  0.000  0.000      1.56      1.56
  379 -13.36846  2.13760      1.555  0.000 +-  0.000  0.000      1.56      1.56
  380  15.63915  5.92301      1.526  0.000 +-  0.000  0.000      1.53      1.53
  381 -13.37489  0.45865      1.522  0.000 +-  0.000  0.000      1.52      1.52
  382 -12.86756  2.50129      1.467  0.000 +-  0.000  0.000      1.47      1.47
  383 -12.97166  5.40601      1.437  0.000 +-  0.000  0.000      1.44      1.44
  384  15.37437  0.88412      1.411  0.000 +-  0.000  0.000      1.41      1.41
  385   9.83169  0.91408      1.382  0.000 +-  0.000  0.000      1.38      1.38
  386  -9.01677  0.34193      1.375  0.000 +-  0.000  0.000      1.38      1.38
  387   8.28563  0.18020      1.364  0.000 +-  0.000  0.000      1.36      1.36
  388 -10.65246  2.08794      1.334  0.000 +-  0.000  0.000      1.33      1.33
  389 -11.57345  2.91864      1.325  0.000 +-  0.000  0.000      1.33      1.33
  390  11.00506  5.36729      1.322  0.000 +-  0.000  0.000      1.32      1.32
  391  15.31624  0.12860      1.313  0.000 +-  0.000  0.000      1.31      1.31
  392  15.44602  3.12999      1.291  0.000 +-  0.000  0.000      1.29      1.29
  393  11.49948  3.39332      1.284  0.000 +-  0.000  0.000      1.28      1.28
  394   9.07213  4.84666      1.274  0.000 +-  0.000  0.000      1.27      1.27
  395  11.62328  2.34932      1.269  0.000 +-  0.000  0.000      1.27      1.27
  396  11.36935  5.78074      1.261  0.000 +-  0.000  0.000      1.26      1.26
  397  13.46502  5.47075      1.258  0.000 +-  0.000  0.000      1.26      1.26
  398  11.13396  0.83967      1.256  0.000 +-  0.000  0.000      1.26      1.26
  399  10.24586  5.53269      1.253  0.000 +-  0.000  0.000      1.25      1.25
  400 -14.42717  5.86805      1.251  0.000 +-  0.000  0.000      1.25      1.25
  401 -12.33173  5.20521      1.249  0.000 +-  0.000  0.000      1.25      1.25
  402  13.98657  4.00426      1.246  0.000 +-  0.000  0.000      1.25      1.25
  403 -15.76039  4.66157      1.239  0.000 +-  0.000  0.000      1.24      1.24
  404  11.66900  2.77869      1.236  0.000 +-  0.000  0.000      1.24      1.24
  405   9.85941  5.83111      1.233  0.000 +-  0.000  0.000      1.23      1.23
  406  -9.41025  2.72229      1.231  0.000 +-  0.000  0.000      1.23      1.23
  407 -11.71230  4.61598      1.213  0.000 +-  0.000  0.000      1.21      1.21
  408 -14.13993  1.20651      1.205  0.000 +-  0.000  0.000      1.20      1.20
  409 -18.75289  3.52909      1.196  0.000 +-  0.000  0.000      1.20      1.20
  410 -11.96873  3.60562      1.187  0.000 +-  0.000  0.000      1.19      1.19
  411 -10.07587  4.77979      1.183  0.000 +-  0.000  0.000      1.18      1.18
  412  -8.36690  5.02452      1.143  0.000 +-  0.000  0.000      1.14      1.14
  413 -11.43080  5.98096      1.140  0.000 +-  0.000  0.000      1.14      1.14
  414 -13.27231  5.85065      1.139  0.000 +-  0.000  0.000      1.14      1.14
  415 -13.77934  4.00539      1.137  0.000 +-  0.000  0.000      1.14      1.14
  416  13.78691  0.53763      1.136  0.000 +-  0.000  0.000      1.14      1.14
  417 -18.85875  5.87603      1.123  0.000 +-  0.000  0.000      1.12      1.12
  418 -12.79148  6.26370      1.122  0.000 +-  0.000  0.000      1.12      1.12
  419  14.32967  0.42794      1.115  0.000 +-  0.000  0.000      1.11      1.11
  420   9.32969  4.43431      1.099  0.000 +-  0.000  0.000      1.10      1.10
  421  12.10525  3.54286      1.091  0.000 +-  0.000  0.000      1.09      1.09
  422  13.66551  4.45191      1.070  0.000 +-  0.000  0.000      1.07      1.07
  423 -11.68901  1.72191      1.057  0.000 +-  0.000  0.000      1.06      1.06
  424  11.99108  5.99936      1.048  0.000 +-  0.000  0.000      1.05      1.05
  425 -11.18641  5.57990      1.038  0.000 +-  0.000  0.000      1.04      1.04
  426 -10.24708  5.35322      1.022  0.000 +-  0.000  0.000      1.02      1.02
  427  13.52924  4.93075      1.018  0.000 +-  0.000  0.000      1.02      1.02
  428  -8.40503  3.61127      1.009  0.000 +-  0.000  0.000      1.01      1.01
  429  14.45930  2.91960      1.009  0.000 +-  0.000  0.000      1.01      1.01
  430 -13.20746  5.04853      1.001  0.000 +-  0.000  0.000      1.00      1.00
