# ../areas-test-mean-class -incl 1.0 -r 0.4 -in HIevent-LHC-Nch1600.dat -cam -discard 2.0 
#---------------------------------------------------------------------
#                     FastJet release 2.1 beta    			 
#            Written by Matteo Cacciari and Gavin Salam		 
#            http://www.lpthe.jussieu.fr/~salam/fastjet		 
#								      	 
# Longitudinally invariant Kt Jet clustering, using the fast geometric
# algorithms of hep-ph/0512210 (please cite this if you use FastJet)  
# This package makes use of the CGAL library: http://www.cgal.org/    
# This package incorporates T.Chan's closest-pair algorithm, Proc. 13th     
# ACM-SIAM Symposium on Discrete Algorithms, pp.472-473, 2002
#---------------------------------------------------------------------
# median_pt_per_area = 13.4505
# sub_a, sub_b = 27.253 -0.422153
 ijet   rap      phi        Pt       area  +-   err   stddev  pt_corr  ptcr(a,b)
    0  -6.96348  1.92381      4.988  0.000 +-  0.000  0.000      4.99      4.99
    1   9.38383  2.44285      2.541  0.000 +-  0.000  0.000      2.54      2.54
    2  -1.22419  5.83652      8.123  0.319 +-  0.000  0.000      3.83     -0.37
    3  -0.63373  0.50929      3.372  0.319 +-  0.000  0.000     -0.92     -5.27
    4   1.87243  3.68697      7.062  0.299 +-  0.000  0.000      3.04     -0.65
    5   9.48874  3.96344      2.468  0.000 +-  0.000  0.000      2.47      2.47
    6   5.80866  3.54335      2.109  0.070 +-  0.000  0.000      1.17      1.20
    7  -2.94412  2.44960      5.236  0.489 +-  0.000  0.000     -1.34     -6.29
    8  -1.00459  6.19970      5.959  0.289 +-  0.000  0.000      2.07     -1.80
    9   3.37720  3.66221      4.418  0.339 +-  0.000  0.000     -0.14     -3.19
   10  -1.32559  4.53046      2.158  0.209 +-  0.000  0.000     -0.66     -3.39
   11  -4.00472  3.69383      2.111  0.329 +-  0.000  0.000     -2.32     -4.63
   12  -0.71074  1.52857     10.736  0.189 +-  0.000  0.000      8.19      5.61
   13   7.25477  4.30563      3.793  0.000 +-  0.000  0.000      3.79      3.79
   14   9.78494  6.25212      2.060  0.000 +-  0.000  0.000      2.06      2.06
   15   3.55332  0.82954      9.726  0.449 +-  0.000  0.000      3.69     -0.11
   16  -9.52364  5.96400      2.211  0.000 +-  0.000  0.000      2.21      2.21
   17   1.33042  3.73938      6.284  0.339 +-  0.000  0.000      1.72     -2.70
   18  -0.88738  4.15996      5.043  0.509 +-  0.000  0.000     -1.80     -8.65
   19  -1.07420  2.83120      2.013  0.269 +-  0.000  0.000     -1.61     -5.19
   20  -1.99538  2.04509      4.811  0.229 +-  0.000  0.000      1.73     -1.06
   21  -7.76791  3.69885      2.206  0.000 +-  0.000  0.000      2.21      2.21
   22   3.36862  5.64373     10.905  0.469 +-  0.000  0.000      4.60      0.38
   23 -10.84109  5.89619      2.261  0.000 +-  0.000  0.000      2.26      2.26
   24   3.10185  2.73393      2.892  0.329 +-  0.000  0.000     -1.53     -4.74
   25   7.26795  3.72167      2.202  0.000 +-  0.000  0.000      2.20      2.20
   26  -4.63770  0.12662      5.793  0.359 +-  0.000  0.000      0.96     -0.73
   27   0.12996  6.17646      5.308  0.199 +-  0.000  0.000      2.63     -0.13
   28  -2.16127  0.18593     17.512  0.259 +-  0.000  0.000     14.02     10.96
   29  -8.89782  3.18128      2.065  0.000 +-  0.000  0.000      2.06      2.06
   30  -4.94325  2.18005      8.456  0.309 +-  0.000  0.000      4.30      3.22
   31  -2.74331  5.85651      5.194  0.409 +-  0.000  0.000     -0.31     -4.65
   32   2.58169  4.52581      2.329  0.369 +-  0.000  0.000     -2.63     -6.69
   33  -8.07835  5.53010      2.105  0.000 +-  0.000  0.000      2.11      2.11
   34   1.54577  0.68645      4.141  0.199 +-  0.000  0.000      1.46     -1.09
   35  -8.00869  0.48478      2.286  0.000 +-  0.000  0.000      2.29      2.29
   36   1.67303  1.31374      8.659  0.529 +-  0.000  0.000      1.55     -5.12
   37  -3.84204  0.84814      6.398  0.618 +-  0.000  0.000     -1.92     -6.60
   38   1.66341  3.23471      5.907  0.269 +-  0.000  0.000      2.29     -1.12
   39  -0.14695  0.94280     90.893  0.349 +-  0.000  0.000     86.20     81.38
   40  -9.74116  5.61710      2.599  0.000 +-  0.000  0.000      2.60      2.60
   41  -2.97139  4.40339     13.837  0.429 +-  0.000  0.000      8.07      3.75
   42  -0.90640  4.64054      2.086  0.229 +-  0.000  0.000     -1.00     -4.09
   43  -2.09380  4.04155     18.117  0.608 +-  0.000  0.000      9.93      2.66
   44   2.82720  4.97854      9.024  0.299 +-  0.000  0.000      5.00      1.88
   45  -8.93215  2.45263      3.765  0.000 +-  0.000  0.000      3.77      3.77
   46  12.86092  3.78833      2.300  0.000 +-  0.000  0.000      2.30      2.30
   47   1.93069  4.90134     11.819  0.359 +-  0.000  0.000      6.99      2.60
   48   0.18285  5.51349      5.635  0.259 +-  0.000  0.000      2.15     -1.43
   49  -5.92824  3.24565      3.517  0.509 +-  0.000  0.000     -3.32     -2.80
   50   0.69512  2.77932      2.093  0.389 +-  0.000  0.000     -3.14     -8.43
   51  10.49035  3.07447      2.540  0.000 +-  0.000  0.000      2.54      2.54
   52  10.08479  4.90064      2.473  0.000 +-  0.000  0.000      2.47      2.47
   53   2.04670  0.70635     14.013  0.329 +-  0.000  0.000      9.59      5.63
   54  -1.87445  1.26609      2.437  0.339 +-  0.000  0.000     -2.12     -6.30
   55   4.35884  2.22280      7.688  0.379 +-  0.000  0.000      2.59      0.40
   56  -4.52005  1.05319      2.020  0.269 +-  0.000  0.000     -1.60     -3.00
   57   5.33266  0.93041     14.122  0.708 +-  0.000  0.000      4.60      3.33
   58  -3.13529  1.15202      3.111  0.489 +-  0.000  0.000     -3.46     -8.18
   59   3.55460  4.41000     13.249  0.628 +-  0.000  0.000      4.80     -0.52
   60  -6.33283  2.07761      2.441  0.000 +-  0.000  0.000      2.44      2.44
   61  -0.13453  2.54155      2.969  0.299 +-  0.000  0.000     -1.05     -5.18
   62  10.28465  0.47366      2.026  0.000 +-  0.000  0.000      2.03      2.03
   63   5.13436  5.21380      9.314  0.319 +-  0.000  0.000      5.02      4.17
   64   3.83901  3.26480      9.219  0.239 +-  0.000  0.000      6.00      4.19
   65   0.94014  0.98293     21.838  0.668 +-  0.000  0.000     12.85      3.88
   66  -5.99889  4.15716      2.447  0.130 +-  0.000  0.000      0.70      0.88
   67   2.89945  0.88274      4.572  0.529 +-  0.000  0.000     -2.54     -7.96
   68   3.86263  4.93419      2.401  0.429 +-  0.000  0.000     -3.37     -6.58
   69  -4.88902  5.02830      8.108  0.439 +-  0.000  0.000      2.21      0.58
   70  -5.40361  0.94280      2.277  0.279 +-  0.000  0.000     -1.48     -1.89
   71   1.95356  1.92824     10.948  0.349 +-  0.000  0.000      6.25      2.00
   72  -0.69510  2.11734      6.853  0.379 +-  0.000  0.000      1.76     -3.40
   73   4.33118  3.90818      2.337  0.369 +-  0.000  0.000     -2.63     -4.80
   74   5.44900  2.77967      4.523  0.239 +-  0.000  0.000      1.30      1.00
   75  -4.06340  6.02292     21.473  0.598 +-  0.000  0.000     13.42      9.34
   76  -0.51466  5.50088     10.637  0.299 +-  0.000  0.000      6.61      2.52
   77  -3.84042  4.81919      5.160  0.319 +-  0.000  0.000      0.87     -1.55
   78  -8.32081  4.08429      3.192  0.000 +-  0.000  0.000      3.19      3.19
   79  -5.24250  1.80293      4.825  0.269 +-  0.000  0.000      1.20      0.61
   80  -2.64863  5.17216      5.312  0.279 +-  0.000  0.000      1.56     -1.47
   81   5.01765  3.42470      4.600  0.140 +-  0.000  0.000      2.72      2.28
   82   1.19658  5.02004     13.851  0.279 +-  0.000  0.000     10.09      6.41
   83  -0.29664  6.21404      2.105  0.419 +-  0.000  0.000     -3.53     -9.29
   84   4.78768  5.75257      2.142  0.339 +-  0.000  0.000     -2.42     -3.82
   85  -8.74161  6.19011      2.108  0.000 +-  0.000  0.000      2.11      2.11
   86   0.61353  2.00069      2.152  0.339 +-  0.000  0.000     -2.41     -7.04
   87  -5.37540  5.74134      2.576  0.319 +-  0.000  0.000     -1.72     -2.23
   88   0.29078  5.01798      3.697  0.409 +-  0.000  0.000     -1.80     -7.43
   89   0.05054  1.41247     17.618  0.588 +-  0.000  0.000      9.70      1.58
   90  -1.52002  3.08885      6.850  0.409 +-  0.000  0.000      1.35     -3.90
   91   0.01932  3.57175     14.955  0.319 +-  0.000  0.000     10.66      6.26
   92  -0.86360  5.15628     10.971  0.588 +-  0.000  0.000      3.06     -4.88
   93   1.24301  2.85345      2.131  0.259 +-  0.000  0.000     -1.36     -4.77
   94  -3.58810  1.83418      3.285  0.449 +-  0.000  0.000     -2.75     -6.51
   95   6.40167  1.88872      2.128  0.000 +-  0.000  0.000      2.13      2.13
   96   1.76493  2.39601      7.709  0.449 +-  0.000  0.000      1.67     -3.93
   97   6.33879  1.29320      2.382  0.000 +-  0.000  0.000      2.38      2.38
   98  -6.28395  1.12366      4.702  0.000 +-  0.000  0.000      4.70      4.70
   99   8.78550  3.23736      2.423  0.000 +-  0.000  0.000      2.42      2.42
  100   3.76174  0.00114      8.402  0.269 +-  0.000  0.000      4.78      2.67
  101   1.89176  5.77232      7.022  0.359 +-  0.000  0.000      2.19     -2.22
  102  -6.18155  0.08937      2.738  0.120 +-  0.000  0.000      1.13      1.41
  103   3.23145  0.02163      5.568  0.369 +-  0.000  0.000      0.60     -2.86
  104  -4.32564  0.70081      3.628  0.140 +-  0.000  0.000      1.75      0.93
  105   2.60148  5.76564      4.381  0.279 +-  0.000  0.000      0.62     -2.43
  106   1.62026  4.59417     14.912  0.459 +-  0.000  0.000      8.74      2.92
  107  -1.95070  3.12490      4.293  0.140 +-  0.000  0.000      2.41      0.71
  108  -5.31871  2.72470     20.217  0.419 +-  0.000  0.000     14.58     13.80
  109  -1.30744  0.84356      4.665  0.319 +-  0.000  0.000      0.37     -3.80
  110   2.99474  5.94428      2.222  0.120 +-  0.000  0.000      0.61     -0.59
  111   4.46682  1.64363      2.777  0.409 +-  0.000  0.000     -2.72     -4.92
  112  -2.66111  3.55980      2.304  0.150 +-  0.000  0.000      0.29     -1.33
  113   2.37705  1.34414      5.426  0.349 +-  0.000  0.000      0.73     -3.25
  114   2.14446  4.44438     15.357  0.349 +-  0.000  0.000     10.66      6.52
  115   7.79302  4.76148      2.305  0.000 +-  0.000  0.000      2.30      2.30
  116   2.55487  2.93927      9.806  0.389 +-  0.000  0.000      4.57      0.28
  117   3.94452  5.79330      4.821  0.259 +-  0.000  0.000      1.33     -0.54
  118   2.08673  2.95983      7.021  0.369 +-  0.000  0.000      2.06     -2.36
  119  -6.60920  1.49139      2.812  0.000 +-  0.000  0.000      2.81      2.81
  120   2.69629  1.85649      9.990  0.439 +-  0.000  0.000      4.09     -0.62
  121  -2.18941  6.01961      6.392  0.309 +-  0.000  0.000      2.23     -1.41
  122   9.46121  0.32542      2.118  0.000 +-  0.000  0.000      2.12      2.12
  123   4.90788  1.45743      5.025  0.529 +-  0.000  0.000     -2.08     -4.01
  124  -7.67259  6.22581      4.233  0.000 +-  0.000  0.000      4.23      4.23
  125  -0.14601  1.87301      4.995  0.309 +-  0.000  0.000      0.84     -3.43
  126   0.89440  4.27710     40.863  0.718 +-  0.000  0.000     31.20     21.54
  127  -1.70544  1.70756      7.486  0.339 +-  0.000  0.000      2.93     -1.34
  128  -3.77880  2.54144      4.506  0.299 +-  0.000  0.000      0.48     -1.84
  129  11.49152  3.93647      2.037  0.000 +-  0.000  0.000      2.04      2.04
  130  -5.51935  1.37127      5.434  0.449 +-  0.000  0.000     -0.60     -1.03
  131  -3.12262  5.67769      3.548  0.189 +-  0.000  0.000      1.00     -0.84
  132   7.86943  2.73909      2.008  0.000 +-  0.000  0.000      2.01      2.01
  133  -2.57088  0.77638      5.524  0.289 +-  0.000  0.000      1.63     -1.55
  134  -2.96980  0.26878      4.585  0.319 +-  0.000  0.000      0.29     -2.92
  135  -2.29948  4.65128      6.040  0.409 +-  0.000  0.000      0.54     -4.19
  136   3.31563  3.15282      4.554  0.389 +-  0.000  0.000     -0.68     -4.24
  137  -0.74486  5.87718      2.045  0.150 +-  0.000  0.000      0.03     -2.00
  138   7.39201  1.82157      4.799  0.000 +-  0.000  0.000      4.80      4.80
  139  -6.78125  5.72687      4.511  0.000 +-  0.000  0.000      4.51      4.51
  140   6.34298  4.54777      2.494  0.000 +-  0.000  0.000      2.49      2.49
  141   6.99210  0.54606      2.242  0.000 +-  0.000  0.000      2.24      2.24
  142   2.39619  5.27029      4.376  0.309 +-  0.000  0.000      0.22     -3.30
  143  -1.11423  1.23690      4.448  0.509 +-  0.000  0.000     -2.39     -9.15
  144   4.81182  2.49674      9.195  0.189 +-  0.000  0.000      6.65      5.88
  145  -9.12292  0.94118      2.461  0.000 +-  0.000  0.000      2.46      2.46
  146   4.42822  3.28436     14.662  0.469 +-  0.000  0.000      8.36      5.77
  147  -7.74258  2.18625      2.365  0.000 +-  0.000  0.000      2.36      2.36
  148  -4.88197  0.64156     10.477  0.509 +-  0.000  0.000      3.64      1.73
  149   5.54553  6.13752      2.093  0.229 +-  0.000  0.000     -0.99     -1.18
  150   3.29871  1.34827      2.279  0.299 +-  0.000  0.000     -1.75     -4.50
  151  -1.17181  1.86439      9.395  0.309 +-  0.000  0.000      5.24      1.15
  152   2.24611  6.15923      5.781  0.209 +-  0.000  0.000      2.96      0.52
  153   1.23327  2.06678      5.045  0.369 +-  0.000  0.000      0.08     -4.77
  154   0.07881  0.50040      7.150  0.519 +-  0.000  0.000      0.17     -6.98
  155   0.60891  1.37014      4.288  0.249 +-  0.000  0.000      0.93     -2.47
  156   0.55197  3.94953      2.338  0.289 +-  0.000  0.000     -1.55     -5.51
  157  -0.90483  3.34100     16.992  0.638 +-  0.000  0.000      8.41     -0.18
  158   1.05184  3.33569      4.446  0.259 +-  0.000  0.000      0.96     -2.50
  159   6.69232  0.24002      3.172  0.000 +-  0.000  0.000      3.17      3.17
  160  -2.57208  3.15516     16.476  0.578 +-  0.000  0.000      8.70      2.33
  161  -5.84375  5.57463      2.442  0.180 +-  0.000  0.000      0.03      0.14
  162   5.99910  3.09380      4.212  0.269 +-  0.000  0.000      0.59      0.96
  163  -2.67631  1.55360      7.350  0.379 +-  0.000  0.000      2.25     -1.83
  164   2.70034  6.25179      3.329  0.409 +-  0.000  0.000     -2.17     -6.56
  165  -5.04252  6.19816      9.956  0.399 +-  0.000  0.000      4.59      3.37
  166   4.83037  4.06814      6.971  0.509 +-  0.000  0.000      0.13     -1.88
  167  -3.14742  6.07714      4.091  0.309 +-  0.000  0.000     -0.07     -3.04
  168  -3.64452  0.35730      2.969  0.269 +-  0.000  0.000     -0.65     -2.86
  169  -5.98458  5.07631      8.089  0.229 +-  0.000  0.000      5.00      5.31
  170  -1.79069  0.54216     16.612  0.479 +-  0.000  0.000     10.17      4.21
  171  -1.85698  2.59397      6.394  0.449 +-  0.000  0.000      0.36     -5.18
  172 -12.26257  2.60185      2.452  0.000 +-  0.000  0.000      2.45      2.45
  173   2.64564  4.03416      6.301  0.359 +-  0.000  0.000      1.47     -2.42
  174   3.78337  0.45710      7.846  0.319 +-  0.000  0.000      3.55      1.08
  175   2.44358  2.22554      7.663  0.389 +-  0.000  0.000      2.43     -1.96
  176  -7.35671  5.61325      4.640  0.000 +-  0.000  0.000      4.64      4.64
  177  -1.40027  2.32756      4.737  0.249 +-  0.000  0.000      1.38     -1.85
  178   5.12849  6.03641      7.349  0.409 +-  0.000  0.000      1.85      0.75
  179   4.25259  0.77550     15.879  0.299 +-  0.000  0.000     11.85     10.01
  180   8.27834  1.52186      2.446  0.000 +-  0.000  0.000      2.45      2.45
  181   0.34189  2.50193      4.839  0.150 +-  0.000  0.000      2.83      0.77
  182   7.71278  5.23185      7.247  0.000 +-  0.000  0.000      7.25      7.25
  183   4.73221  5.16406      8.707  0.319 +-  0.000  0.000      4.41      3.03
  184  -0.26319  5.04191      2.058  0.319 +-  0.000  0.000     -2.24     -6.63
  185  -7.31817  1.67299      2.654  0.000 +-  0.000  0.000      2.65      2.65
  186   5.38590  4.73905      4.625  0.209 +-  0.000  0.000      1.81      1.48
  187  -4.13711  0.31393      2.749  0.259 +-  0.000  0.000     -0.74     -2.44
  188  -3.09469  5.26620     12.798  0.419 +-  0.000  0.000      7.16      3.08
  189   0.14953  3.02389      6.851  0.519 +-  0.000  0.000     -0.12     -7.28
  190   8.55646  1.97863      6.556  0.000 +-  0.000  0.000      6.56      6.56
  191  -2.40068  2.31700     14.931  0.449 +-  0.000  0.000      8.89      3.79
  192   7.70271  0.86800      2.051  0.000 +-  0.000  0.000      2.05      2.05
  193   6.63502  2.90073      7.178  0.000 +-  0.000  0.000      7.18      7.18
  194  -1.51534  5.14200      2.151  0.419 +-  0.000  0.000     -3.48     -8.86
  195  -8.10734  5.96051      2.456  0.000 +-  0.000  0.000      2.46      2.46
  196   1.00514  0.14665      9.169  0.409 +-  0.000  0.000      3.67     -1.80
  197   0.70099  5.24640      4.429  0.289 +-  0.000  0.000      0.54     -3.39
  198  -1.72847  5.61820      5.086  0.209 +-  0.000  0.000      2.27     -0.36
  199   0.51324  5.86900     10.060  0.489 +-  0.000  0.000      3.49     -3.20
  200  -7.82603  1.19980      2.020  0.000 +-  0.000  0.000      2.02      2.02
  201  -5.23374  3.41930      5.904  0.409 +-  0.000  0.000      0.40     -0.51
  202  -3.95464  4.29632      2.174  0.628 +-  0.000  0.000     -6.28    -10.80
  203  -1.56029  4.02347      7.031  0.379 +-  0.000  0.000      1.93     -2.91
  204  -9.66342  1.33729      2.463  0.000 +-  0.000  0.000      2.46      2.46
  205   6.08153  3.89047      4.657  0.180 +-  0.000  0.000      2.24      2.57
  206   1.19115  5.55943     13.292  0.429 +-  0.000  0.000      7.52      1.86
  207   4.45912  0.08711      2.081  0.379 +-  0.000  0.000     -3.02     -5.07
  208  -6.44609  4.60070      2.005  0.000 +-  0.000  0.000      2.01      2.01
  209  -9.96552  3.90481      2.840  0.000 +-  0.000  0.000      2.84      2.84
  210  -1.42952  0.04518      4.404  0.359 +-  0.000  0.000     -0.43     -5.07
  211  -4.81954  3.66914      6.257  0.239 +-  0.000  0.000      3.04      2.08
  212  -0.30881  3.90378     70.380  0.249 +-  0.000  0.000     67.03     63.59
  213  -0.00425  4.16597     11.062  0.519 +-  0.000  0.000      4.09     -3.07
