# ../areas-test-mean-class -incl 1.0 -r 0.4 -in HIevent-LHC-Nch1600.dat -cam -discard 0.0 
#---------------------------------------------------------------------
#                     FastJet release 2.1 beta    			 
#            Written by Matteo Cacciari and Gavin Salam		 
#            http://www.lpthe.jussieu.fr/~salam/fastjet		 
#								      	 
# Longitudinally invariant Kt Jet clustering, using the fast geometric
# algorithms of hep-ph/0512210 (please cite this if you use FastJet)  
# This package makes use of the CGAL library: http://www.cgal.org/    
# This package incorporates T.Chan's closest-pair algorithm, Proc. 13th     
# ACM-SIAM Symposium on Discrete Algorithms, pp.472-473, 2002
#---------------------------------------------------------------------
# median_pt_per_area = 190.097
# sub_a, sub_b = 241.089 -4.81273
 ijet   rap      phi        Pt       area  +-   err   stddev  pt_corr  ptcr(a,b)
    0   2.17159  5.33800     67.779  0.229 +-  0.000  0.000     24.17     17.68
    1  -5.07443  2.34494     27.182  0.199 +-  0.000  0.000    -10.74      3.81
    2   4.76590  0.11929     28.673  0.269 +-  0.000  0.000    -22.52     -6.81
    3   2.08866  2.95641     54.111  0.189 +-  0.000  0.000     18.09     12.41
    4   2.28903  2.40752     58.303  0.239 +-  0.000  0.000     12.80      6.63
    5   3.75834  6.21461     45.092  0.279 +-  0.000  0.000     -7.99     -3.25
    6   0.09219  3.69027     54.780  0.249 +-  0.000  0.000      7.38     -5.32
    7   5.52855  4.64894     36.285  0.319 +-  0.000  0.000    -24.38      6.29
    8  12.17174  1.21877      3.422  0.000 +-  0.000  0.000      3.42      3.42
    9  -7.80037  1.18971     17.016  0.000 +-  0.000  0.000     17.02     17.02
   10  -0.98857  2.79400     70.938  0.319 +-  0.000  0.000     10.27     -4.50
   11  -9.14241  1.40996      5.239  0.000 +-  0.000  0.000      5.24      5.24
   12   7.78177  3.32787      5.865  0.000 +-  0.000  0.000      5.86      5.86
   13   6.77281  2.77931     41.661  0.000 +-  0.000  0.000     41.66     41.66
   14  10.03141  3.23311      1.566  0.000 +-  0.000  0.000      1.57      1.57
   15   0.07462  0.22310     84.072  0.449 +-  0.000  0.000     -1.24    -24.12
   16   7.44526  1.85989     39.767  0.000 +-  0.000  0.000     39.77     39.77
   17  -3.23148  6.11295     53.092  0.279 +-  0.000  0.000      0.01     -0.20
   18  -7.32194  5.04981     26.489  0.000 +-  0.000  0.000     26.49     26.49
   19  -6.22954  3.79381     25.516  0.100 +-  0.000  0.000      6.56     20.10
   20   2.49574  4.52945     55.388  0.249 +-  0.000  0.000      7.99      2.75
   21   5.01251  0.70716     60.212  0.459 +-  0.000  0.000    -27.00      5.08
   22   0.63671  5.87523    100.244  0.399 +-  0.000  0.000     24.41      4.84
   23 -12.70203  0.79172      1.495  0.000 +-  0.000  0.000      1.49      1.49
   24 -10.19119  5.34591      3.808  0.000 +-  0.000  0.000      3.81      3.81
   25  -5.26840  1.07513     29.735  0.249 +-  0.000  0.000    -17.66      2.93
   26  13.18874  1.39048      1.871  0.000 +-  0.000  0.000      1.87      1.87
   27  13.76643  0.54733      1.246  0.000 +-  0.000  0.000      1.25      1.25
   28  -3.74393  4.04692     60.166  0.379 +-  0.000  0.000    -11.88     -5.64
   29   4.27651  2.35806     32.727  0.219 +-  0.000  0.000     -8.98     -0.86
   30   6.03954  4.84574     25.949  0.170 +-  0.000  0.000     -6.28     14.84
   31   4.64139  4.69681     35.257  0.249 +-  0.000  0.000    -12.14      1.00
   32   6.78529  3.43413     23.341  0.000 +-  0.000  0.000     23.34     23.34
   33   2.91382  2.58566     74.996  0.399 +-  0.000  0.000     -0.84     -4.88
   34 -11.18582  3.47611      2.905  0.000 +-  0.000  0.000      2.91      2.91
   35   8.80700  5.56043      8.781  0.000 +-  0.000  0.000      8.78      8.78
   36   8.23620  1.00577     13.343  0.000 +-  0.000  0.000     13.34     13.34
   37 -15.77510  4.62698      1.443  0.000 +-  0.000  0.000      1.44      1.44
   38  -5.22758  3.25456     25.753  0.229 +-  0.000  0.000    -17.85      0.62
   39   0.81082  5.21082     79.445  0.329 +-  0.000  0.000     16.88      1.14
   40   3.28285  4.98297     76.251  0.459 +-  0.000  0.000    -10.96    -10.56
   41  -2.54588  2.57620     50.809  0.219 +-  0.000  0.000      9.10      4.75
   42  10.79954  4.86463      1.732  0.000 +-  0.000  0.000      1.73      1.73
   43  -5.62618  0.80718     39.940  0.339 +-  0.000  0.000    -24.52      9.85
   44   2.82380  3.18820     60.932  0.309 +-  0.000  0.000      2.16     -1.74
   45  -9.96040  1.90029      5.225  0.000 +-  0.000  0.000      5.23      5.23
   46  -1.21030  2.30983     52.675  0.180 +-  0.000  0.000     18.55     10.66
   47 -11.58005  5.42160      1.313  0.000 +-  0.000  0.000      1.31      1.31
   48 -13.27919  0.38388      3.614  0.000 +-  0.000  0.000      3.61      3.61
   49  -8.48280  3.18950      5.577  0.000 +-  0.000  0.000      5.58      5.58
   50   1.36947  1.91756     55.864  0.199 +-  0.000  0.000     17.95      9.58
   51   6.14915  3.18729     17.996  0.050 +-  0.000  0.000      8.52     15.05
   52   8.32248  4.24957     15.553  0.000 +-  0.000  0.000     15.55     15.55
   53  10.39515  3.88644      2.668  0.000 +-  0.000  0.000      2.67      2.67
   54  13.77140  3.96691      3.093  0.000 +-  0.000  0.000      3.09      3.09
   55  12.76688  2.20814      2.300  0.000 +-  0.000  0.000      2.30      2.30
   56   0.77291  2.80165     46.827  0.199 +-  0.000  0.000      8.91     -0.69
   57 -10.55728  0.37495      2.269  0.000 +-  0.000  0.000      2.27      2.27
   58 -10.22735  3.32373      8.772  0.000 +-  0.000  0.000      8.77      8.77
   59  15.63915  5.92301      1.526  0.000 +-  0.000  0.000      1.53      1.53
   60  -9.84894  0.74479      5.892  0.000 +-  0.000  0.000      5.89      5.89
   61  -8.54902  2.29356     11.007  0.000 +-  0.000  0.000     11.01     11.01
   62  -1.11004  1.81763     68.438  0.249 +-  0.000  0.000     21.04      9.81
   63   0.37695  3.32354     28.989  0.150 +-  0.000  0.000      0.55     -6.98
   64   7.48127  5.91287     25.324  0.000 +-  0.000  0.000     25.32     25.32
   65  12.89403  2.62359      1.301  0.000 +-  0.000  0.000      1.30      1.30
   66  11.60794  6.08985      4.166  0.000 +-  0.000  0.000      4.17      4.17
   67   2.26358  1.93454     32.182  0.170 +-  0.000  0.000     -0.05     -4.51
   68   4.84848  1.39561     49.721  0.359 +-  0.000  0.000    -18.53      3.78
   69  -6.51242  4.33985     13.828  0.000 +-  0.000  0.000     13.83     13.83
   70  -6.00758  1.21588     28.309  0.170 +-  0.000  0.000     -3.92     16.88
   71 -14.45670  5.82811      1.953  0.000 +-  0.000  0.000      1.95      1.95
   72 -12.74023  6.21151      4.925  0.000 +-  0.000  0.000      4.93      4.93
   73 -12.89441  2.55923      4.518  0.000 +-  0.000  0.000      4.52      4.52
   74  -4.76075  4.18219     30.200  0.279 +-  0.000  0.000    -22.89     -6.66
   75 -11.74098  5.02944      2.697  0.000 +-  0.000  0.000      2.70      2.70
   76   5.56112  3.17201     31.917  0.269 +-  0.000  0.000    -19.27      7.08
   77  -3.47583  4.44421     69.326  0.379 +-  0.000  0.000     -2.72     -0.01
   78   7.57410  5.40670     31.249  0.000 +-  0.000  0.000     31.25     31.25
   79 -14.29136  3.31093      1.730  0.000 +-  0.000  0.000      1.73      1.73
   80  -4.83857  0.03387     53.263  0.319 +-  0.000  0.000     -7.41     12.28
   81   7.49456  3.70265     40.882  0.000 +-  0.000  0.000     40.88     40.88
   82  -5.06104  1.94509     25.060  0.170 +-  0.000  0.000     -7.17      5.08
   83   4.93223  2.92084     19.462  0.209 +-  0.000  0.000    -20.35     -6.51
   84  10.95326  0.40696      3.779  0.000 +-  0.000  0.000      3.78      3.78
   85  -2.33970  6.08361     34.399  0.180 +-  0.000  0.000      0.27     -4.15
   86   4.34792  6.16446     30.562  0.299 +-  0.000  0.000    -26.31    -14.35
   87  -3.39173  2.59696     42.928  0.249 +-  0.000  0.000     -4.47     -3.38
   88   5.37180  1.30883     28.374  0.349 +-  0.000  0.000    -37.98     -7.30
   89  -2.58516  2.98611     23.009  0.130 +-  0.000  0.000     -1.64     -4.08
   90 -11.70733  1.57117      2.641  0.000 +-  0.000  0.000      2.64      2.64
   91   5.85321  2.84861     13.993  0.120 +-  0.000  0.000     -8.76      4.87
   92   4.17098  4.84234     24.780  0.180 +-  0.000  0.000     -9.35     -3.47
   93  -0.42546  5.42370     80.634  0.359 +-  0.000  0.000     12.38     -5.61
   94  11.46538  3.88237      5.659  0.000 +-  0.000  0.000      5.66      5.66
   95  11.44104  1.10156     10.387  0.000 +-  0.000  0.000     10.39     10.39
   96   9.51775  2.46885      6.995  0.000 +-  0.000  0.000      6.99      6.99
   97  -3.74652  2.34097     53.474  0.259 +-  0.000  0.000      4.18      8.48
   98  11.45174  4.97588      3.071  0.000 +-  0.000  0.000      3.07      3.07
   99   3.42464  4.23088     79.253  0.459 +-  0.000  0.000     -7.96     -5.46
  100 -14.17989  1.13680      2.025  0.000 +-  0.000  0.000      2.02      2.02
  101  -3.61534  3.48749     39.717  0.219 +-  0.000  0.000     -1.99      0.62
  102 -10.15247  4.68670      3.547  0.000 +-  0.000  0.000      3.55      3.55
  103  -5.89070  3.02945     42.890  0.259 +-  0.000  0.000     -6.40     23.68
  104   8.72048  0.16196     12.461  0.000 +-  0.000  0.000     12.46     12.46
  105  -4.60233  2.17076     33.102  0.249 +-  0.000  0.000    -14.30     -1.59
  106  -5.75373  5.41669     35.144  0.259 +-  0.000  0.000    -14.15     13.94
  107  -2.18534  2.27557     52.624  0.209 +-  0.000  0.000     12.81      6.94
  108  -5.27941  2.74320     50.562  0.369 +-  0.000  0.000    -19.59     11.10
  109  -3.17965  3.64952     25.911  0.170 +-  0.000  0.000     -6.32     -6.72
  110  -8.48120  1.37878     16.565  0.000 +-  0.000  0.000     16.57     16.57
  111  -8.33813  4.06673     16.021  0.000 +-  0.000  0.000     16.02     16.02
  112  -6.31574  5.89450     31.312  0.030 +-  0.000  0.000     25.62     29.84
  113   9.55887  1.99008      3.220  0.000 +-  0.000  0.000      3.22      3.22
  114  -9.44210  0.17724      2.435  0.000 +-  0.000  0.000      2.43      2.43
  115  -4.27511  3.11496     27.604  0.249 +-  0.000  0.000    -19.79    -10.58
  116   0.23070  5.45331     80.945  0.339 +-  0.000  0.000     16.49     -0.72
  117  12.68566  1.58549      6.480  0.000 +-  0.000  0.000      6.48      6.48
  118  -8.23970  5.64000      8.678  0.000 +-  0.000  0.000      8.68      8.68
  119   6.64526  4.85601     12.254  0.000 +-  0.000  0.000     12.25     12.25
  120  -4.32233  1.19872     61.484  0.409 +-  0.000  0.000    -16.25     -0.33
  121  10.59525  5.80011      3.555  0.000 +-  0.000  0.000      3.56      3.56
  122 -13.17825  1.57038      1.496  0.000 +-  0.000  0.000      1.50      1.50
  123   6.34804  1.80949     31.841  0.000 +-  0.000  0.000     31.84     31.84
  124  -2.67972  3.68045     25.624  0.150 +-  0.000  0.000     -2.81     -5.27
  125   6.00563  4.17659     22.690  0.150 +-  0.000  0.000     -5.75     12.59
  126   2.03411  0.28190     31.177  0.160 +-  0.000  0.000      0.84     -4.12
  127 -10.63489  2.06460      3.581  0.000 +-  0.000  0.000      3.58      3.58
  128  -1.29587  3.43661     64.523  0.299 +-  0.000  0.000      7.65     -5.19
  129  -2.10978  0.14405     64.554  0.209 +-  0.000  0.000     24.74     18.55
  130  -9.27759  0.89778     19.762  0.000 +-  0.000  0.000     19.76     19.76
  131 -13.30233  3.26359      1.470  0.000 +-  0.000  0.000      1.47      1.47
  132  -1.98068  1.34989     73.202  0.349 +-  0.000  0.000      6.85     -4.36
  133  -1.51431  0.97470     66.203  0.289 +-  0.000  0.000     11.22     -0.33
  134   3.84400  1.52951     41.946  0.239 +-  0.000  0.000     -3.56      1.26
  135  -7.52280  2.63900     13.513  0.000 +-  0.000  0.000     13.51     13.51
  136   7.71894  4.76530     22.314  0.000 +-  0.000  0.000     22.31     22.31
  137  10.02887  4.77044      9.744  0.000 +-  0.000  0.000      9.74      9.74
  138 -10.67232  1.18717      8.604  0.000 +-  0.000  0.000      8.60      8.60
  139   4.56907  4.04925     37.586  0.269 +-  0.000  0.000    -13.60     -0.28
  140  -9.18745  5.14307     10.716  0.000 +-  0.000  0.000     10.72     10.72
  141  -6.99161  4.43019     18.702  0.000 +-  0.000  0.000     18.70     18.70
  142  -6.52430  3.24155     29.639  0.000 +-  0.000  0.000     29.64     29.64
  143   1.73392  1.25151     47.879  0.160 +-  0.000  0.000     17.54     11.72
  144  -0.50159  0.13837     55.515  0.289 +-  0.000  0.000      0.53    -13.86
  145   9.75510  0.61483      2.072  0.000 +-  0.000  0.000      2.07      2.07
  146 -12.80244  3.08317      1.318  0.000 +-  0.000  0.000      1.32      1.32
  147   7.84224  0.47809      2.868  0.000 +-  0.000  0.000      2.87      2.87
  148   1.44257  5.07021    109.020  0.419 +-  0.000  0.000     29.39     12.23
  149  -0.98952  0.04404     64.616  0.279 +-  0.000  0.000     11.53     -1.39
  150  -3.64711  5.75299     59.180  0.399 +-  0.000  0.000    -16.66    -11.46
  151  -6.12127  2.60007     47.945  0.150 +-  0.000  0.000     19.51     38.86
  152 -11.21939  4.86420      3.387  0.000 +-  0.000  0.000      3.39      3.39
  153  -1.18789  5.82867     56.706  0.279 +-  0.000  0.000      3.62     -8.72
  154   0.81838  0.29075     49.293  0.259 +-  0.000  0.000      0.00    -12.39
  155  -1.72366  3.43434     34.323  0.180 +-  0.000  0.000      0.20     -6.39
  156   6.53083  6.02246     10.722  0.000 +-  0.000  0.000     10.72     10.72
  157  -1.56653  5.02252     51.662  0.209 +-  0.000  0.000     11.85      3.64
  158 -14.73970  1.76920      1.385  0.000 +-  0.000  0.000      1.39      1.39
  159  10.65146  0.89462      4.389  0.000 +-  0.000  0.000      4.39      4.39
  160  12.24569  2.55127      5.015  0.000 +-  0.000  0.000      5.02      5.02
  161  10.90456  3.69782      3.677  0.000 +-  0.000  0.000      3.68      3.68
  162  13.95246  1.08125      2.442  0.000 +-  0.000  0.000      2.44      2.44
  163   5.45313  0.07832     31.720  0.269 +-  0.000  0.000    -19.47      5.34
  164   2.43557  1.46688     44.877  0.209 +-  0.000  0.000      5.06      0.36
  165   2.51458  0.36525     47.067  0.259 +-  0.000  0.000     -2.23     -7.56
  166  -0.70785  3.35559    125.242  0.489 +-  0.000  0.000     32.34      8.60
  167   1.99876  3.77696     88.543  0.369 +-  0.000  0.000     18.40      6.67
  168  -9.39224  3.68496      2.253  0.000 +-  0.000  0.000      2.25      2.25
  169  -9.60592  2.18902     13.404  0.000 +-  0.000  0.000     13.40     13.40
  170 -11.68164  2.92233      2.904  0.000 +-  0.000  0.000      2.90      2.90
  171   1.85074  3.32543     51.501  0.239 +-  0.000  0.000      6.00     -2.26
  172  14.36773  0.39343      1.689  0.000 +-  0.000  0.000      1.69      1.69
  173   7.08541  5.02205     18.154  0.000 +-  0.000  0.000     18.15     18.15
  174   6.23569  2.66854     18.543  0.010 +-  0.000  0.000     16.65     18.00
  175  10.60779  4.35042      4.586  0.000 +-  0.000  0.000      4.59      4.59
  176  13.37759  4.85293      3.196  0.000 +-  0.000  0.000      3.20      3.20
  177  -7.47614  3.26663     27.604  0.000 +-  0.000  0.000     27.60     27.60
  178  -8.44006  6.07275     19.022  0.000 +-  0.000  0.000     19.02     19.02
  179  -1.60892  5.52511     44.492  0.199 +-  0.000  0.000      6.57     -1.11
  180  -7.48384  5.87875     37.248  0.000 +-  0.000  0.000     37.25     37.25
  181 -11.42340  6.07326      3.888  0.000 +-  0.000  0.000      3.89      3.89
  182 -13.22068  5.78714      2.477  0.000 +-  0.000  0.000      2.48      2.48
  183  -7.79217  0.13326     13.548  0.000 +-  0.000  0.000     13.55     13.55
  184 -13.72159  2.69204      1.069  0.000 +-  0.000  0.000      1.07      1.07
  185  -5.86464  0.38992     22.733  0.199 +-  0.000  0.000    -15.18      7.66
  186  -5.77093  4.17640     48.663  0.369 +-  0.000  0.000    -21.49     18.84
  187  -2.95002  2.66621     38.608  0.170 +-  0.000  0.000      6.38      4.83
  188  11.62032  1.71440      4.227  0.000 +-  0.000  0.000      4.23      4.23
  189   0.58754  2.36944     65.446  0.309 +-  0.000  0.000      6.67     -8.58
  190   4.34180  0.53023     48.134  0.289 +-  0.000  0.000     -6.85      4.64
  191   7.46723  4.40537     27.491  0.000 +-  0.000  0.000     27.49     27.49
  192  -7.82744  5.17798     10.029  0.000 +-  0.000  0.000     10.03     10.03
  193   0.69329  1.16991     85.891  0.339 +-  0.000  0.000     21.43      4.92
  194  -0.64945  2.14398     78.543  0.379 +-  0.000  0.000      6.50    -12.06
  195  -7.01563  3.45410     23.782  0.000 +-  0.000  0.000     23.78     23.78
  196  -6.84673  3.83102     15.743  0.000 +-  0.000  0.000     15.74     15.74
  197  -7.94652  3.68661     16.982  0.000 +-  0.000  0.000     16.98     16.98
  198 -10.77766  5.51254      2.175  0.000 +-  0.000  0.000      2.18      2.18
  199  -5.67750  2.18034     29.032  0.349 +-  0.000  0.000    -37.32     -0.97
  200  -7.03257  6.14272     14.442  0.000 +-  0.000  0.000     14.44     14.44
  201  -5.64631  3.60126     22.122  0.249 +-  0.000  0.000    -25.28      0.27
  202  -6.70773  2.23981     16.235  0.000 +-  0.000  0.000     16.23     16.23
  203  -9.01375  2.48535      8.019  0.000 +-  0.000  0.000      8.02      8.02
  204  -4.09852  2.00302     41.309  0.299 +-  0.000  0.000    -15.57     -6.64
  205  10.26743  2.75540      7.068  0.000 +-  0.000  0.000      7.07      7.07
  206  -8.34111  5.00947      2.108  0.000 +-  0.000  0.000      2.11      2.11
  207   8.24569  3.40573     11.613  0.000 +-  0.000  0.000     11.61     11.61
  208 -11.17771  0.47142      3.214  0.000 +-  0.000  0.000      3.21      3.21
  209 -12.00369  0.60586      1.303  0.000 +-  0.000  0.000      1.30      1.30
  210  10.37236  6.26298      7.000  0.000 +-  0.000  0.000      7.00      7.00
  211  -2.89821  2.12233     66.198  0.339 +-  0.000  0.000      1.74     -1.85
  212  -0.57014  5.90764     79.011  0.329 +-  0.000  0.000     16.45      0.18
  213  -0.09192  1.84518     93.311  0.339 +-  0.000  0.000     28.85     11.57
  214   9.37678  1.52457      6.655  0.000 +-  0.000  0.000      6.66      6.66
  215  10.81776  0.00874      7.526  0.000 +-  0.000  0.000      7.53      7.53
  216  -4.79925  1.60209     52.536  0.429 +-  0.000  0.000    -28.99     -3.32
  217  -1.49550  0.48207     64.258  0.269 +-  0.000  0.000     13.07      2.24
  218   1.08561  2.29922     75.612  0.339 +-  0.000  0.000     11.15     -4.22
  219  -2.98335  5.40820     75.500  0.379 +-  0.000  0.000      3.46      0.36
  220  13.81605  3.43953      5.007  0.000 +-  0.000  0.000      5.01      5.01
  221  -2.18703  1.82830     54.856  0.299 +-  0.000  0.000     -2.02    -10.39
  222  11.69725  2.73762      2.516  0.000 +-  0.000  0.000      2.52      2.52
  223 -10.07948  5.92194      1.657  0.000 +-  0.000  0.000      1.66      1.66
  224  -0.09128  2.44669     62.543  0.319 +-  0.000  0.000      1.87    -14.39
  225  -1.39011  1.35972     63.910  0.239 +-  0.000  0.000     18.41      8.43
  226  -2.75427  4.55072     44.686  0.239 +-  0.000  0.000     -0.82     -4.28
  227   6.90643  0.63846     18.851  0.000 +-  0.000  0.000     18.85     18.85
  228   9.87039  5.94276      6.354  0.000 +-  0.000  0.000      6.35      6.35
  229  14.68175  2.48599      1.032  0.000 +-  0.000  0.000      1.03      1.03
  230   4.67391  1.93640     27.766  0.180 +-  0.000  0.000     -6.36      3.36
  231   0.08879  5.97729     53.527  0.229 +-  0.000  0.000      9.92     -1.77
  232  -2.82736  6.12847     53.998  0.269 +-  0.000  0.000      2.81     -0.56
  233 -10.93766  6.13608     13.138  0.000 +-  0.000  0.000     13.14     13.14
  234   4.72853  2.50978     43.237  0.279 +-  0.000  0.000     -9.85      5.96
  235  15.37437  0.88412      1.411  0.000 +-  0.000  0.000      1.41      1.41
  236   1.41919  3.89117     50.721  0.319 +-  0.000  0.000     -9.95    -23.13
  237   0.55293  4.37164     76.894  0.309 +-  0.000  0.000     18.12      2.81
  238  -0.14324  0.92938    208.544  0.479 +-  0.000  0.000    117.54     93.18
  239  -7.23240  0.42410     40.273  0.000 +-  0.000  0.000     40.27     40.27
  240   5.17822  3.49512     32.610  0.289 +-  0.000  0.000    -22.37      0.21
  241   5.49227  0.72873     35.874  0.249 +-  0.000  0.000    -11.52     11.96
  242  11.29217  2.94693      4.487  0.000 +-  0.000  0.000      4.49      4.49
  243  10.30723  0.58716     10.056  0.000 +-  0.000  0.000     10.06     10.06
  244 -12.52188  4.15947      4.669  0.000 +-  0.000  0.000      4.67      4.67
  245 -11.93964  5.78933      3.864  0.000 +-  0.000  0.000      3.86      3.86
  246   1.80587  1.67136     62.232  0.309 +-  0.000  0.000      3.46     -7.45
  247   9.26641  3.93093     14.142  0.000 +-  0.000  0.000     14.14     14.14
  248  10.00066  4.26452      5.011  0.000 +-  0.000  0.000      5.01      5.01
  249 -11.10610  0.97035      9.832  0.000 +-  0.000  0.000      9.83      9.83
  250 -10.67407  4.86015      8.704  0.000 +-  0.000  0.000      8.70      8.70
  251 -12.14367  0.99120      1.221  0.000 +-  0.000  0.000      1.22      1.22
  252 -10.37637  3.91580      2.642  0.000 +-  0.000  0.000      2.64      2.64
  253  -9.89336  3.95013      8.100  0.000 +-  0.000  0.000      8.10      8.10
  254   9.37654  0.36814     17.730  0.000 +-  0.000  0.000     17.73     17.73
  255 -10.49531  5.83212      3.189  0.000 +-  0.000  0.000      3.19      3.19
  256  -6.66118  0.15469      5.022  0.000 +-  0.000  0.000      5.02      5.02
  257   2.37235  3.36797     32.263  0.160 +-  0.000  0.000      1.93     -1.89
  258   1.35619  0.17536     62.265  0.309 +-  0.000  0.000      3.49     -9.54
  259 -12.26864  2.59769      5.853  0.000 +-  0.000  0.000      5.85      5.85
  260 -10.25299  1.50745      7.722  0.000 +-  0.000  0.000      7.72      7.72
  261 -12.38878  5.80178      2.059  0.000 +-  0.000  0.000      2.06      2.06
  262   5.54358  2.01143     13.369  0.120 +-  0.000  0.000     -9.38      2.22
  263 -13.46198  2.22008      2.533  0.000 +-  0.000  0.000      2.53      2.53
  264   8.78370  2.82085     13.289  0.000 +-  0.000  0.000     13.29     13.29
  265  13.02012  0.88259      2.703  0.000 +-  0.000  0.000      2.70      2.70
  266  -4.51069  2.64388     45.321  0.439 +-  0.000  0.000    -38.10    -17.51
  267  -0.94783  4.09439     69.759  0.319 +-  0.000  0.000      9.09     -5.80
  268  -9.49745  2.69752      5.581  0.000 +-  0.000  0.000      5.58      5.58
  269  11.76670  4.68965      1.149  0.000 +-  0.000  0.000      1.15      1.15
  270  -9.25440  4.37160     13.403  0.000 +-  0.000  0.000     13.40     13.40
  271  -2.01598  5.20424     28.953  0.180 +-  0.000  0.000     -5.17    -10.82
  272  -3.68125  1.67476     94.586  0.509 +-  0.000  0.000     -2.10      5.13
  273  11.97844  5.11286      1.532  0.000 +-  0.000  0.000      1.53      1.53
  274  15.84590  4.11151      2.778  0.000 +-  0.000  0.000      2.78      2.78
  275  11.16893  5.57819      5.873  0.000 +-  0.000  0.000      5.87      5.87
  276  -0.65398  4.98442     38.226  0.150 +-  0.000  0.000      9.79      2.47
  277 -11.68830  0.12220      3.261  0.000 +-  0.000  0.000      3.26      3.26
  278 -13.04188  5.20274      4.521  0.000 +-  0.000  0.000      4.52      4.52
  279   8.72741  1.87730      4.125  0.000 +-  0.000  0.000      4.12      4.12
  280 -11.15302  1.97232      2.630  0.000 +-  0.000  0.000      2.63      2.63
  281  -3.83149  5.04689     41.987  0.239 +-  0.000  0.000     -3.51      1.19
  282   3.15978  5.60548     72.675  0.349 +-  0.000  0.000      6.32      5.29
  283   1.18253  0.65468     78.076  0.329 +-  0.000  0.000     15.51      0.94
  284  -0.11292  3.15016     66.621  0.369 +-  0.000  0.000     -3.53    -22.32
  285  -0.64823  4.43940     66.712  0.259 +-  0.000  0.000     17.42      4.72
  286  13.40360  2.72463      1.622  0.000 +-  0.000  0.000      1.62      1.62
  287   8.96720  4.27221     10.372  0.000 +-  0.000  0.000     10.37     10.37
  288   5.78519  5.24316      9.552  0.100 +-  0.000  0.000     -9.41      1.57
  289   6.80941  0.24268     17.648  0.000 +-  0.000  0.000     17.65     17.65
  290  10.74888  2.32532      5.384  0.000 +-  0.000  0.000      5.38      5.38
  291  -9.53870  6.04313      8.767  0.000 +-  0.000  0.000      8.77      8.77
  292  -1.64640  1.92356     65.916  0.329 +-  0.000  0.000      3.35     -9.14
  293   2.07632  4.35571     51.505  0.209 +-  0.000  0.000     11.69      5.36
  294   6.98858  6.13709     25.300  0.000 +-  0.000  0.000     25.30     25.30
  295 -12.18559  4.73270      3.873  0.000 +-  0.000  0.000      3.87      3.87
  296   5.24166  4.98900     40.920  0.229 +-  0.000  0.000     -2.69     15.95
  297  -3.16256  4.80881     34.833  0.199 +-  0.000  0.000     -3.08     -3.65
  298   1.24513  5.60415     51.397  0.209 +-  0.000  0.000     11.58      2.47
  299  10.67503  3.13512     11.363  0.000 +-  0.000  0.000     11.36     11.36
  300 -13.88348  0.76304      4.513  0.000 +-  0.000  0.000      4.51      4.51
  301  -8.84178  5.84540      2.960  0.000 +-  0.000  0.000      2.96      2.96
  302   0.33956  2.78060     48.200  0.239 +-  0.000  0.000      2.70     -9.37
  303  -5.00505  5.00266     61.056  0.529 +-  0.000  0.000    -39.43     -2.65
  304  -4.47789  0.44534     34.635  0.249 +-  0.000  0.000    -12.76     -1.42
  305   2.74580  6.26097     37.078  0.180 +-  0.000  0.000      2.95      0.31
  306  -9.69180  4.67688      7.259  0.000 +-  0.000  0.000      7.26      7.26
  307  13.46543  5.56635      1.836  0.000 +-  0.000  0.000      1.84      1.84
  308  14.12932  2.28970      5.116  0.000 +-  0.000  0.000      5.12      5.12
  309  12.74320  3.24125      2.739  0.000 +-  0.000  0.000      2.74      2.74
  310  12.91420  5.04234      1.798  0.000 +-  0.000  0.000      1.80      1.80
  311  11.79920  2.24313      4.406  0.000 +-  0.000  0.000      4.41      4.41
  312   3.09041  6.01571     48.514  0.239 +-  0.000  0.000      3.01      1.81
  313 -11.60558  0.80165      1.566  0.000 +-  0.000  0.000      1.57      1.57
  314 -10.11979  0.26981      8.823  0.000 +-  0.000  0.000      8.82      8.82
  315   4.41732  1.13933     47.380  0.309 +-  0.000  0.000    -11.39      1.88
  316  14.56480  4.09199      1.767  0.000 +-  0.000  0.000      1.77      1.77
  317  -9.03336  3.05303      7.518  0.000 +-  0.000  0.000      7.52      7.52
  318   1.79256  6.07707     66.360  0.279 +-  0.000  0.000     13.27      3.35
  319   4.70947  5.15388     39.050  0.189 +-  0.000  0.000      3.03     13.59
  320   7.51147  1.00416     32.630  0.000 +-  0.000  0.000     32.63     32.63
  321   9.25359  1.07554      3.469  0.000 +-  0.000  0.000      3.47      3.47
  322   3.10170  3.58534     64.909  0.389 +-  0.000  0.000     -9.03    -10.86
  323 -12.26884  1.60438      2.050  0.000 +-  0.000  0.000      2.05      2.05
  324 -11.84360  3.72781      5.647  0.000 +-  0.000  0.000      5.65      5.65
  325  -9.57188  3.24991     14.397  0.000 +-  0.000  0.000     14.40     14.40
  326  -8.87952  0.41381      8.572  0.000 +-  0.000  0.000      8.57      8.57
  327   2.21796  1.12923     59.603  0.259 +-  0.000  0.000     10.31      3.23
  328 -13.77893  3.12290      1.209  0.000 +-  0.000  0.000      1.21      1.21
  329   9.34534  5.86973      4.977  0.000 +-  0.000  0.000      4.98      4.98
  330   4.80290  3.72077      5.971  0.070 +-  0.000  0.000     -7.30     -3.11
  331  -2.33046  3.48077     71.885  0.349 +-  0.000  0.000      5.53     -3.15
  332  -4.35806  4.04644     25.936  0.229 +-  0.000  0.000    -17.67     -8.40
  333  -8.50026  0.66288     21.007  0.000 +-  0.000  0.000     21.01     21.01
  334 -11.18262  5.59346      3.646  0.000 +-  0.000  0.000      3.65      3.65
  335   4.29102  1.78733     51.276  0.319 +-  0.000  0.000     -9.39      2.61
  336   5.83055  2.29404     30.993  0.419 +-  0.000  0.000    -48.63     -1.46
  337  -5.34527  5.58785     26.393  0.180 +-  0.000  0.000     -7.73      7.80
  338   8.28075  1.60862      9.241  0.000 +-  0.000  0.000      9.24      9.24
  339   3.29398  0.13405     50.864  0.279 +-  0.000  0.000     -2.22     -1.88
  340   3.88483  0.99296     77.232  0.409 +-  0.000  0.000     -0.50      8.35
  341  -2.47016  5.58498     50.053  0.299 +-  0.000  0.000     -6.82    -13.29
  342   4.35054  3.49187     58.225  0.369 +-  0.000  0.000    -11.92      2.87
  343 -12.42637  3.25051      6.175  0.000 +-  0.000  0.000      6.18      6.18
  344  11.64177  0.72225      2.638  0.000 +-  0.000  0.000      2.64      2.64
  345 -10.91031  4.13524      7.892  0.000 +-  0.000  0.000      7.89      7.89
  346   3.05124  1.46285     33.620  0.229 +-  0.000  0.000     -9.99    -11.40
  347   2.80152  4.18688     52.465  0.289 +-  0.000  0.000     -2.52     -6.34
  348  10.19968  5.52221      2.229  0.000 +-  0.000  0.000      2.23      2.23
  349 -10.82702  2.63185      5.995  0.000 +-  0.000  0.000      5.99      5.99
  350   9.84913  0.08626      7.808  0.000 +-  0.000  0.000      7.81      7.81
  351 -11.23335  2.99106      2.127  0.000 +-  0.000  0.000      2.13      2.13
  352  13.61081  4.36455      1.918  0.000 +-  0.000  0.000      1.92      1.92
  353   3.26688  1.08422     63.144  0.299 +-  0.000  0.000      6.27      6.38
  354   8.90855  3.40138     16.632  0.000 +-  0.000  0.000     16.63     16.63
  355  -2.59021  0.77672     47.587  0.239 +-  0.000  0.000      2.09     -2.39
  356  10.60207  5.26435      3.131  0.000 +-  0.000  0.000      3.13      3.13
  357  -2.88157  4.10060     80.313  0.419 +-  0.000  0.000      0.69     -3.93
  358  10.48658  1.96598      5.147  0.000 +-  0.000  0.000      5.15      5.15
  359   9.07946  2.27271      9.645  0.000 +-  0.000  0.000      9.65      9.65
  360   9.95483  1.71464      9.923  0.000 +-  0.000  0.000      9.92      9.92
  361  -1.87341  3.81172     42.592  0.199 +-  0.000  0.000      4.67     -2.13
  362   3.81808  0.43451     58.967  0.389 +-  0.000  0.000    -14.97     -7.52
  363  -0.89344  0.79458    131.465  0.549 +-  0.000  0.000     27.19      1.33
  364  -5.01970  0.52275     32.937  0.239 +-  0.000  0.000    -12.56      4.26
  365  11.79413  5.47031      4.747  0.000 +-  0.000  0.000      4.75      4.75
  366  -1.47824  4.02658     51.617  0.259 +-  0.000  0.000      2.32     -8.17
  367  -9.69675  1.29640     13.171  0.000 +-  0.000  0.000     13.17     13.17
  368  11.13029  2.02560      8.034  0.000 +-  0.000  0.000      8.03      8.03
  369  10.00768  2.26245      5.699  0.000 +-  0.000  0.000      5.70      5.70
  370 -13.80156  4.03033      2.085  0.000 +-  0.000  0.000      2.08      2.08
  371   9.63029  3.63079      4.441  0.000 +-  0.000  0.000      4.44      4.44
  372   9.40449  4.49286      5.802  0.000 +-  0.000  0.000      5.80      5.80
  373 -10.54335  0.79806      4.591  0.000 +-  0.000  0.000      4.59      4.59
  374  -2.04655  5.78062     50.867  0.219 +-  0.000  0.000      9.16      2.39
  375   2.65895  5.19530     64.847  0.299 +-  0.000  0.000      7.97      2.89
  376   5.70313  5.67829     24.720  0.259 +-  0.000  0.000    -24.57      2.80
  377   5.19264  6.00812     41.049  0.309 +-  0.000  0.000    -17.72      6.63
  378   5.91767  1.09913     31.195  0.279 +-  0.000  0.000    -21.89     10.93
  379   0.30550  4.90646     41.972  0.189 +-  0.000  0.000      5.95     -3.63
  380   8.78972  1.32161      8.387  0.000 +-  0.000  0.000      8.39      8.39
  381   4.92918  4.40223     41.048  0.339 +-  0.000  0.000    -23.41     -1.05
  382   1.84935  5.58817     74.366  0.279 +-  0.000  0.000     21.28     11.64
  383  -0.04142  4.37748    101.725  0.409 +-  0.000  0.000     23.99      3.15
  384   3.37431  2.43599     29.669  0.219 +-  0.000  0.000    -12.04    -11.21
  385   8.23825  5.18858     28.737  0.000 +-  0.000  0.000     28.74     28.74
  386  -1.49818  2.98159     41.473  0.209 +-  0.000  0.000      1.66     -6.76
  387   7.06955  4.01322     11.814  0.000 +-  0.000  0.000     11.81     11.81
  388 -11.65566  4.60786      1.832  0.000 +-  0.000  0.000      1.83      1.83
  389  -9.60185  5.59297     16.359  0.000 +-  0.000  0.000     16.36     16.36
  390   1.88262  0.67813     88.471  0.389 +-  0.000  0.000     14.53      1.33
  391   4.77634  5.79921     24.334  0.150 +-  0.000  0.000     -4.10      4.69
  392  14.08974  4.68033      1.316  0.000 +-  0.000  0.000      1.32      1.32
  393   6.43563  1.12154     40.257  0.000 +-  0.000  0.000     40.26     40.26
  394  -6.69062  4.94560     31.455  0.000 +-  0.000  0.000     31.46     31.46
  395  -1.55675  6.22617    114.956  0.449 +-  0.000  0.000     29.64     11.99
  396  -2.59060  1.51040     78.488  0.429 +-  0.000  0.000     -3.04    -11.05
  397   8.85261  4.87443     18.562  0.000 +-  0.000  0.000     18.56     18.56
  398  -3.31683  2.08659      8.934  0.080 +-  0.000  0.000     -6.23     -6.08
  399   1.02549  1.66126     66.611  0.299 +-  0.000  0.000      9.73     -4.01
  400   5.77913  1.67180     26.694  0.209 +-  0.000  0.000    -13.12      9.87
  401  -4.80278  5.69715     58.412  0.419 +-  0.000  0.000    -21.22      3.93
  402   9.63628  5.29924     16.289  0.000 +-  0.000  0.000     16.29     16.29
  403  -4.80439  0.96560     30.548  0.259 +-  0.000  0.000    -18.75     -3.16
  404   5.10034  2.00233     35.127  0.309 +-  0.000  0.000    -23.65     -0.70
  405  12.02465  3.58053      2.301  0.000 +-  0.000  0.000      2.30      2.30
  406   2.85275  1.90717    110.492  0.499 +-  0.000  0.000     15.70      9.80
  407  -5.23984  3.77351     27.855  0.219 +-  0.000  0.000    -13.85      3.95
  408  -5.44198  0.21324     19.228  0.219 +-  0.000  0.000    -22.48     -2.40
  409  -8.95765  3.54898      7.106  0.000 +-  0.000  0.000      7.11      7.11
  410  -8.60909  2.75671     13.611  0.000 +-  0.000  0.000     13.61     13.61
  411   4.00955  4.19190     60.769  0.449 +-  0.000  0.000    -24.55    -12.71
  412  -4.03820  0.70162     47.934  0.279 +-  0.000  0.000     -5.15      2.53
  413  -2.03414  0.67054     75.515  0.289 +-  0.000  0.000     20.53     11.55
  414   3.78138  4.66165     21.747  0.140 +-  0.000  0.000     -4.80     -2.31
  415 -10.13587  2.55674     10.507  0.000 +-  0.000  0.000     10.51     10.51
  416  -6.55610  0.61422     27.395  0.000 +-  0.000  0.000     27.39     27.39
  417   6.36872  4.49017     18.145  0.000 +-  0.000  0.000     18.14     18.14
  418  -0.31975  3.89312    153.504  0.309 +-  0.000  0.000     94.73     79.12
  419  -4.46540  5.15449     36.516  0.269 +-  0.000  0.000    -14.67     -2.56
  420   5.40326  4.03602     44.179  0.499 +-  0.000  0.000    -50.62     -5.98
  421  -0.47909  2.69820     47.682  0.209 +-  0.000  0.000      7.87     -2.58
  422   8.68228  2.36407      4.109  0.000 +-  0.000  0.000      4.11      4.11
  423   2.90065  4.75329     25.202  0.110 +-  0.000  0.000      4.35      3.20
  424   5.15766  5.41153     42.603  0.339 +-  0.000  0.000    -21.86      4.26
  425  -1.82947  4.70502     37.901  0.180 +-  0.000  0.000      3.77     -2.49
  426   7.64100  2.45404      3.080  0.000 +-  0.000  0.000      3.08      3.08
  427  -8.09352  0.43651      6.549  0.000 +-  0.000  0.000      6.55      6.55
  428   6.05472  6.17042     13.772  0.100 +-  0.000  0.000     -5.19      7.32
  429  -6.74256  2.64738      4.286  0.000 +-  0.000  0.000      4.29      4.29
  430   3.72882  3.44282     84.413  0.479 +-  0.000  0.000     -6.59      1.03
  431   1.14645  3.55317     44.393  0.189 +-  0.000  0.000      8.37     -0.09
  432  11.51166  3.39731      1.636  0.000 +-  0.000  0.000      1.64      1.64
  433   3.85025  5.77738     34.124  0.180 +-  0.000  0.000     -0.00      3.65
  434   4.35041  5.52600     53.299  0.399 +-  0.000  0.000    -22.54     -6.54
  435  15.45133  3.12692      1.436  0.000 +-  0.000  0.000      1.44      1.44
  436   5.30049  2.66738     33.499  0.329 +-  0.000  0.000    -29.07     -1.35
  437  -8.30280  4.56766     18.086  0.000 +-  0.000  0.000     18.09     18.09
  438   6.31618  3.67274     18.946  0.000 +-  0.000  0.000     18.95     18.95
  439  -3.39856  5.26483     43.137  0.269 +-  0.000  0.000     -8.05     -6.81
  440  -3.10559  0.35498     34.616  0.199 +-  0.000  0.000     -3.30     -4.21
  441  11.89860  4.08361      1.439  0.000 +-  0.000  0.000      1.44      1.44
  442  -3.54955  0.86068     33.699  0.209 +-  0.000  0.000     -6.11     -4.09
  443   8.30263  2.13375     18.459  0.000 +-  0.000  0.000     18.46     18.46
  444  -3.88227  1.12011     18.394  0.120 +-  0.000  0.000     -4.36     -1.78
  445  15.31624  0.12860      1.313  0.000 +-  0.000  0.000      1.31      1.31
  446   8.25776  0.36778      5.449  0.000 +-  0.000  0.000      5.45      5.45
  447   6.94067  1.34829     25.091  0.000 +-  0.000  0.000     25.09     25.09
  448   8.77627  0.76625      7.443  0.000 +-  0.000  0.000      7.44      7.44
  449  -3.09594  1.03112     96.359  0.559 +-  0.000  0.000     -9.81    -12.53
  450   3.03737  0.60596     66.199  0.319 +-  0.000  0.000      5.53      3.43
  451   0.94032  4.66347     65.223  0.329 +-  0.000  0.000      2.66    -12.72
  452  -6.08305  5.07357     30.431  0.090 +-  0.000  0.000     13.37     24.78
  453   1.01308  4.21056     43.180  0.100 +-  0.000  0.000     24.22     19.63
  454   2.52106  3.86852     57.055  0.229 +-  0.000  0.000     13.45      8.77
  455  -7.10096  2.88353     13.562  0.000 +-  0.000  0.000     13.56     13.56
  456 -18.81443  5.88782      1.618  0.000 +-  0.000  0.000      1.62      1.62
  457   1.79698  2.20941     93.602  0.349 +-  0.000  0.000     27.25     14.87
  458   8.20739  2.53106      3.229  0.000 +-  0.000  0.000      3.23      3.23
  459 -14.96983  4.43693      2.032  0.000 +-  0.000  0.000      2.03      2.03
  460  -8.08294  2.13413     29.084  0.000 +-  0.000  0.000     29.08     29.08
  461  -7.74914  1.68773      6.428  0.000 +-  0.000  0.000      6.43      6.43
  462  -6.30802  2.07267     23.477  0.020 +-  0.000  0.000     19.69     22.49
  463   5.87894  3.56719     22.545  0.199 +-  0.000  0.000    -15.37      7.63
  464  14.91040  3.78535      1.182  0.000 +-  0.000  0.000      1.18      1.18
  465   0.44854  1.79423     74.829  0.279 +-  0.000  0.000     21.74      7.77
  466   3.88791  5.21477     67.826  0.449 +-  0.000  0.000    -17.49     -7.73
  467  14.63519  2.94534      1.783  0.000 +-  0.000  0.000      1.78      1.78
  468  -7.63766  4.35219     23.311  0.000 +-  0.000  0.000     23.31     23.31
  469   2.26563  6.07862     62.828  0.299 +-  0.000  0.000      5.95     -1.91
  470  -7.18914  1.59447     43.147  0.000 +-  0.000  0.000     43.15     43.15
  471   0.86346  3.19920     63.877  0.269 +-  0.000  0.000     12.69     -0.08
  472   1.15771  6.05314     67.495  0.299 +-  0.000  0.000     10.62     -2.71
  473  -5.88140  1.72420     15.239  0.110 +-  0.000  0.000     -5.62      7.05
  474   6.85954  1.95893     19.049  0.000 +-  0.000  0.000     19.05     19.05
  475   9.65106  3.00358      3.833  0.000 +-  0.000  0.000      3.83      3.83
  476   6.16864  5.63250     36.528  0.090 +-  0.000  0.000     19.46     31.33
  477  -4.70654  3.60733     54.134  0.379 +-  0.000  0.000    -17.91      3.17
  478   6.48288  4.04925     17.118  0.000 +-  0.000  0.000     17.12     17.12
  479   2.05042  4.87111     94.539  0.349 +-  0.000  0.000     28.18     17.45
  480  -0.67444  1.49196     98.684  0.409 +-  0.000  0.000     20.95      1.00
  481 -18.75289  3.52909      1.196  0.000 +-  0.000  0.000      1.20      1.20
  482  -3.28846  3.08143     27.239  0.219 +-  0.000  0.000    -14.47    -14.24
  483   2.58322  0.94405     46.649  0.229 +-  0.000  0.000      3.04     -1.29
  484  -5.65588  4.73843     49.669  0.389 +-  0.000  0.000    -24.27     15.78
  485   0.47969  0.67700     72.940  0.329 +-  0.000  0.000     10.38     -6.04
  486   0.67388  3.79593     82.536  0.449 +-  0.000  0.000     -2.78    -24.68
  487  -7.90540  2.91860     17.533  0.000 +-  0.000  0.000     17.53     17.53
  488   3.48140  1.84280     38.438  0.269 +-  0.000  0.000    -12.75    -10.78
  489   6.89212  5.54361     27.619  0.000 +-  0.000  0.000     27.62     27.62
  490   2.50401  2.83145     53.541  0.199 +-  0.000  0.000     15.62     11.47
  491  -1.35660  4.51442     87.423  0.359 +-  0.000  0.000     19.17      4.04
  492   4.33460  3.00672     42.144  0.229 +-  0.000  0.000     -1.46      7.58
  493  12.07714  6.04378      2.780  0.000 +-  0.000  0.000      2.78      2.78
  494   8.05845  2.90606     16.154  0.000 +-  0.000  0.000     16.15     16.15
  495   7.47657  0.28077     29.615  0.000 +-  0.000  0.000     29.62     29.62
  496  14.23905  5.77692      2.150  0.000 +-  0.000  0.000      2.15      2.15
  497   7.43165  2.95169     31.017  0.000 +-  0.000  0.000     31.02     31.02
  498  -7.38100  3.89841     10.327  0.000 +-  0.000  0.000     10.33     10.33
  499   9.82957  1.03089      6.989  0.000 +-  0.000  0.000      6.99      6.99
  500  -4.25372  5.77020     65.246  0.349 +-  0.000  0.000     -1.11     11.49
  501  -3.64313  0.19318     41.048  0.269 +-  0.000  0.000    -10.14     -6.67
  502  13.25592  3.28795      1.864  0.000 +-  0.000  0.000      1.86      1.86
  503  -4.19203  4.63677     58.974  0.469 +-  0.000  0.000    -30.13    -14.39
  504  -2.47457  4.99366     63.325  0.369 +-  0.000  0.000     -6.82    -14.76
  505  -6.52374  5.49754     20.304  0.000 +-  0.000  0.000     20.30     20.30
  506  -6.30457  4.69512     20.933  0.000 +-  0.000  0.000     20.93     20.93
  507   4.73284  3.27724     14.275  0.150 +-  0.000  0.000    -14.16     -5.66
  508  -7.29616  2.15704     35.563  0.000 +-  0.000  0.000     35.56     35.56
  509 -13.28785  3.66852      1.015  0.000 +-  0.000  0.000      1.02      1.02
  510 -14.79373  0.08212      2.680  0.000 +-  0.000  0.000      2.68      2.68
  511  -5.48606  6.02137     39.351  0.409 +-  0.000  0.000    -38.38     -0.00
  512  -6.11150  6.27903     30.340  0.140 +-  0.000  0.000      3.80     21.78
  513  -7.56486  0.85491     16.449  0.000 +-  0.000  0.000     16.45     16.45
  514  -5.45474  1.59527     27.566  0.259 +-  0.000  0.000    -21.73      2.18
  515  -3.76625  2.92280     30.556  0.259 +-  0.000  0.000    -18.74    -14.26
  516 -11.46103  2.33713      1.609  0.000 +-  0.000  0.000      1.61      1.61
  517  -4.04404  3.48616     40.028  0.269 +-  0.000  0.000    -11.16     -3.70
  518  -8.60241  5.38136     22.499  0.000 +-  0.000  0.000     22.50     22.50
  519  -6.95369  5.58960     23.926  0.000 +-  0.000  0.000     23.93     23.93
  520  12.92664  3.83417      3.720  0.000 +-  0.000  0.000      3.72      3.72
  521  -2.89345  3.24501     48.644  0.259 +-  0.000  0.000     -0.65     -3.42
  522  -5.10490  4.42663     23.365  0.269 +-  0.000  0.000    -27.82     -7.78
  523  -0.20863  4.91382     64.388  0.299 +-  0.000  0.000      7.51     -7.68
  524   1.56996  4.45214     92.932  0.349 +-  0.000  0.000     26.58     12.92
  525  -6.22721  0.84749     11.944  0.000 +-  0.000  0.000     11.94     11.94
  526   2.60078  5.76114     42.571  0.170 +-  0.000  0.000     10.34      7.22
  527  10.82526  1.55209      1.425  0.000 +-  0.000  0.000      1.43      1.43
  528  -4.67547  3.15243     19.851  0.150 +-  0.000  0.000     -8.59     -0.48
  529   6.34046  0.44635     17.328  0.020 +-  0.000  0.000     13.54     16.38
  530  12.40969  2.98051      4.296  0.000 +-  0.000  0.000      4.30      4.30
  531 -14.27156  4.70819      1.224  0.000 +-  0.000  0.000      1.22      1.22
  532   1.32542  3.00575     50.492  0.239 +-  0.000  0.000      4.99     -5.19
  533  -4.10160  0.04199     67.526  0.459 +-  0.000  0.000    -19.68     -5.93
  534  -6.51031  1.54524     50.655  0.020 +-  0.000  0.000     46.86     49.91
  535 -12.15759  5.25449      4.949  0.000 +-  0.000  0.000      4.95      4.95
  536  -1.58041  2.52366     66.752  0.259 +-  0.000  0.000     17.46      7.35
  537   3.44555  2.90878     35.036  0.209 +-  0.000  0.000     -4.78     -3.49
  538   7.50843  1.43364     13.997  0.000 +-  0.000  0.000     14.00     14.00
  539   6.45733  2.32654      6.131  0.000 +-  0.000  0.000      6.13      6.13
  540  -3.12566  1.58463     35.661  0.199 +-  0.000  0.000     -2.26     -3.05
  541  -8.85601  6.27883      8.946  0.000 +-  0.000  0.000      8.95      8.95
  542 -12.15614  0.19728      3.535  0.000 +-  0.000  0.000      3.54      3.54
  543  -2.06553  2.88415    103.004  0.459 +-  0.000  0.000     15.79      1.82
  544 -14.75470  2.47221      1.150  0.000 +-  0.000  0.000      1.15      1.15
  545   6.91738  4.38858     38.689  0.000 +-  0.000  0.000     38.69     38.69
  546   8.20694  5.95306     14.597  0.000 +-  0.000  0.000     14.60     14.60
  547  -8.90847  1.74466     15.332  0.000 +-  0.000  0.000     15.33     15.33
  548  -8.54167  3.71211      5.778  0.000 +-  0.000  0.000      5.78      5.78
  549  -1.08588  5.33249     67.871  0.299 +-  0.000  0.000     10.99     -2.56
  550  -2.51415  0.33252     57.364  0.289 +-  0.000  0.000      2.38     -3.57
  551  15.68551  1.42311      1.397  0.000 +-  0.000  0.000      1.40      1.40
  552   0.00564  1.38311     74.058  0.309 +-  0.000  0.000     15.28     -0.48
  553  -7.06423  1.00059     12.201  0.000 +-  0.000  0.000     12.20     12.20
  554   8.96993  6.05213      7.481  0.000 +-  0.000  0.000      7.48      7.48
  555 -11.40872  4.03611      3.478  0.000 +-  0.000  0.000      3.48      3.48
  556   7.93671  1.39019      4.716  0.000 +-  0.000  0.000      4.72      4.72
  557   7.23127  2.34683     24.507  0.000 +-  0.000  0.000     24.51     24.51
  558  -1.11806  4.91489     34.872  0.150 +-  0.000  0.000      6.43     -0.29
  559  -2.13112  4.29411    106.668  0.439 +-  0.000  0.000     23.25     10.46
  560   1.72820  2.74905     82.682  0.339 +-  0.000  0.000     18.22      5.80
  561   1.25792  1.13058     67.835  0.299 +-  0.000  0.000     10.96     -2.02
  562   5.85394  0.33616     29.298  0.249 +-  0.000  0.000    -18.10     10.31
  563   3.91413  2.74501     35.702  0.279 +-  0.000  0.000    -17.38    -11.03
  564   3.80675  2.22974     40.742  0.239 +-  0.000  0.000     -4.76     -0.27
