# ../areas-test-mean-class -incl 1.0 -r 0.4 -in HIevent-LHC-Nch3600.dat -cam -discard 0.0 
#---------------------------------------------------------------------
#                     FastJet release 2.1 beta    			 
#            Written by Matteo Cacciari and Gavin Salam		 
#            http://www.lpthe.jussieu.fr/~salam/fastjet		 
#								      	 
# Longitudinally invariant Kt Jet clustering, using the fast geometric
# algorithms of hep-ph/0512210 (please cite this if you use FastJet)  
# This package makes use of the CGAL library: http://www.cgal.org/    
# This package incorporates T.Chan's closest-pair algorithm, Proc. 13th     
# ACM-SIAM Symposium on Discrete Algorithms, pp.472-473, 2002
#---------------------------------------------------------------------
# median_pt_per_area = 386.625
# sub_a, sub_b = 494.247 -11.2439
 ijet   rap      phi        Pt       area  +-   err   stddev  pt_corr  ptcr(a,b)
    0   1.22990  1.82213    263.147  0.499 +-  0.000  0.000     70.35     25.16
    1  -3.90497  2.00433    183.974  0.578 +-  0.000  0.000    -39.67     -2.74
    2  -5.70978  5.37502     87.162  0.469 +-  0.000  0.000    -94.07     27.31
    3  10.33128  5.55104      3.004  0.000 +-  0.000  0.000      3.00      3.00
    4  -7.25662  3.57134     60.408  0.000 +-  0.000  0.000     60.41     60.41
    5 -11.63527  4.77715      2.016  0.000 +-  0.000  0.000      2.02      2.02
    6  -7.25739  2.72064     56.485  0.000 +-  0.000  0.000     56.48     56.48
    7   1.90552  3.28745    154.040  0.389 +-  0.000  0.000      3.66    -22.32
    8  13.05071  5.74594      1.651  0.000 +-  0.000  0.000      1.65      1.65
    9   5.85297  4.24822     41.607  0.239 +-  0.000  0.000    -50.94     15.50
   10   4.06778  1.89838    142.134  0.479 +-  0.000  0.000    -42.95     -5.41
   11  -5.75373  4.59488     92.205  0.469 +-  0.000  0.000    -89.02     35.01
   12   4.64463  3.07610     93.647  0.359 +-  0.000  0.000    -45.17      3.28
   13 -10.73097  4.71335      1.299  0.000 +-  0.000  0.000      1.30      1.30
   14  -2.72894  1.14880    160.603  0.419 +-  0.000  0.000     -1.35    -11.35
   15   3.01432  0.08485    141.138  0.449 +-  0.000  0.000    -32.38    -34.83
   16  -4.94773  2.39300     79.832  0.309 +-  0.000  0.000    -39.70     12.12
   17  -9.03905  5.19183     14.824  0.000 +-  0.000  0.000     14.82     14.82
   18   4.39592  5.17542    128.602  0.509 +-  0.000  0.000    -68.05    -12.28
   19   2.04649  0.89290    180.728  0.399 +-  0.000  0.000     26.49      2.34
   20  -7.16350  2.03415     66.239  0.000 +-  0.000  0.000     66.24     66.24
   21   6.24062  3.71299     47.243  0.080 +-  0.000  0.000     16.40     42.75
   22  -5.02244  0.75715     78.315  0.419 +-  0.000  0.000    -83.63     -9.91
   23  -8.34920  5.48856     16.890  0.000 +-  0.000  0.000     16.89     16.89
   24   2.00227  4.26261    194.052  0.429 +-  0.000  0.000     28.25      1.42
   25 -10.96414  1.82576      1.949  0.000 +-  0.000  0.000      1.95      1.95
   26   4.48691  5.84288     94.040  0.359 +-  0.000  0.000    -44.77     -2.14
   27  -4.88726  5.09694     69.816  0.369 +-  0.000  0.000    -72.85    -13.46
   28  -3.12968  2.10045    113.187  0.349 +-  0.000  0.000    -21.77    -20.89
   29  -2.91639  5.08722    130.682  0.389 +-  0.000  0.000    -19.70    -24.36
   30   7.40114  5.29066     49.204  0.000 +-  0.000  0.000     49.20     49.20
   31   2.76207  2.26745    178.892  0.459 +-  0.000  0.000      1.52     -8.50
   32  -0.32257  4.96375    189.082  0.399 +-  0.000  0.000     34.84     -7.62
   33  -6.74642  4.02523     21.278  0.000 +-  0.000  0.000     21.28     21.28
   34  -2.72485  3.14217    101.522  0.279 +-  0.000  0.000     -6.44    -13.18
   35  -9.82892  1.58927      2.625  0.000 +-  0.000  0.000      2.62      2.62
   36  -9.49652  6.06868      7.141  0.000 +-  0.000  0.000      7.14      7.14
   37  -7.38970  0.22579     36.843  0.000 +-  0.000  0.000     36.84     36.84
   38  -5.79472  3.43291     55.257  0.349 +-  0.000  0.000    -79.70     14.52
   39  -1.10589  1.25685    171.797  0.329 +-  0.000  0.000     44.55     13.66
   40  -5.27136  0.19220     52.824  0.349 +-  0.000  0.000    -82.13    -10.64
   41  -6.09727  6.17695     41.848  0.130 +-  0.000  0.000     -8.28     31.96
   42  -5.40062  3.95268     63.960  0.389 +-  0.000  0.000    -86.42     -0.72
   43 -10.91600  2.72264      1.694  0.000 +-  0.000  0.000      1.69      1.69
   44  -0.74424  4.37929    200.322  0.359 +-  0.000  0.000     61.51     25.10
   45  -0.06191  1.51206    196.921  0.389 +-  0.000  0.000     46.54      4.70
   46   0.54010  1.74273    230.969  0.529 +-  0.000  0.000     26.60    -28.55
   47   2.64761  0.48408    143.756  0.369 +-  0.000  0.000      1.09     -9.54
   48   5.23984  4.82319     86.466  0.489 +-  0.000  0.000   -102.48     -4.20
   49   0.07801  4.82807    111.490  0.229 +-  0.000  0.000     22.80     -1.87
   50  -4.26745  0.26364    115.098  0.439 +-  0.000  0.000    -54.56    -11.93
   51  -1.05064  5.66584    160.031  0.339 +-  0.000  0.000     28.93     -3.36
   52  -5.30827  3.30092     64.332  0.349 +-  0.000  0.000    -70.63      2.40
   53  -7.49095  4.67977     36.627  0.000 +-  0.000  0.000     36.63     36.63
   54  10.80951  2.87949      2.289  0.000 +-  0.000  0.000      2.29      2.29
   55   8.36821  0.76790     16.503  0.000 +-  0.000  0.000     16.50     16.50
   56   2.07285  5.43076    146.359  0.289 +-  0.000  0.000     34.54     17.38
   57  -7.16137  5.01118     27.064  0.000 +-  0.000  0.000     27.06     27.06
   58   9.18545  2.41940     12.367  0.000 +-  0.000  0.000     12.37     12.37
   59  11.84962  5.97289      2.431  0.000 +-  0.000  0.000      2.43      2.43
   60   6.87124  3.22829     46.930  0.000 +-  0.000  0.000     46.93     46.93
   61  10.44928  3.46517      5.860  0.000 +-  0.000  0.000      5.86      5.86
   62   6.77227  1.41727     24.577  0.000 +-  0.000  0.000     24.58     24.58
   63  -7.74878  3.90367     22.617  0.000 +-  0.000  0.000     22.62     22.62
   64   5.14861  4.19250     86.331  0.349 +-  0.000  0.000    -48.63     17.85
   65   0.06855  2.33445    176.279  0.339 +-  0.000  0.000     45.18      8.70
   66  -1.66103  3.70549    168.679  0.359 +-  0.000  0.000     29.87      2.36
   67 -10.60780  3.26443      4.811  0.000 +-  0.000  0.000      4.81      4.81
   68   6.48376  0.61504     35.923  0.000 +-  0.000  0.000     35.92     35.92
   69  -0.06619  5.74091    153.091  0.309 +-  0.000  0.000     33.56      0.30
   70   5.39715  6.06469     60.310  0.359 +-  0.000  0.000    -78.50      0.45
   71   5.05589  5.56836     65.213  0.309 +-  0.000  0.000    -54.32      1.27
   72  -8.25345  2.84553     15.587  0.000 +-  0.000  0.000     15.59     15.59
   73   7.47622  2.05355     32.373  0.000 +-  0.000  0.000     32.37     32.37
   74  10.90467  5.79898      1.209  0.000 +-  0.000  0.000      1.21      1.21
   75   3.68191  0.20651     89.452  0.299 +-  0.000  0.000    -26.23    -12.82
   76   0.76063  3.29766    167.036  0.379 +-  0.000  0.000     20.51    -17.81
   77   7.45294  3.60070     24.871  0.000 +-  0.000  0.000     24.87     24.87
   78  -4.25409  6.07879     70.237  0.199 +-  0.000  0.000     -6.88     12.24
   79   3.72631  2.60478    156.697  0.419 +-  0.000  0.000     -5.25     15.07
   80   8.34018  0.22086      5.529  0.000 +-  0.000  0.000      5.53      5.53
   81  -6.72764  4.54842     43.322  0.000 +-  0.000  0.000     43.32     43.32
   82  -6.53257  3.33309     40.972  0.000 +-  0.000  0.000     40.97     40.97
   83  -9.82858  3.67600      2.845  0.000 +-  0.000  0.000      2.85      2.85
   84  -6.28525  1.11770     42.064  0.060 +-  0.000  0.000     18.93     39.07
   85  -3.40674  2.63237     84.517  0.309 +-  0.000  0.000    -35.02    -27.95
   86  -4.97411  4.37174    104.240  0.449 +-  0.000  0.000    -69.28      7.28
   87   5.57595  3.68975     64.234  0.329 +-  0.000  0.000    -63.01     16.62
   88  10.65804  4.83658      1.733  0.000 +-  0.000  0.000      1.73      1.73
   89  -0.27674  2.72281    212.451  0.439 +-  0.000  0.000     42.79     -4.06
   90   4.10964  3.51318     89.506  0.329 +-  0.000  0.000    -37.74    -10.66
   91  -6.84021  0.53502     52.588  0.000 +-  0.000  0.000     52.59     52.59
   92  -2.07509  1.70022    173.259  0.359 +-  0.000  0.000     34.45     13.19
   93   8.96483  5.46895      5.424  0.000 +-  0.000  0.000      5.42      5.42
   94   5.55781  2.96762     36.798  0.269 +-  0.000  0.000    -67.31     -2.77
   95  -1.45114  2.88587    197.116  0.429 +-  0.000  0.000     31.31     -4.69
   96  -1.40782  1.81778    159.481  0.339 +-  0.000  0.000     28.38     -0.56
   97 -10.30515  2.66754      1.337  0.000 +-  0.000  0.000      1.34      1.34
   98   9.82837  3.32494      6.633  0.000 +-  0.000  0.000      6.63      6.63
   99  -3.78223  5.15564    132.197  0.439 +-  0.000  0.000    -37.46    -14.11
  100  -8.12533  4.38383     10.726  0.000 +-  0.000  0.000     10.73     10.73
  101   3.12277  4.76083    103.369  0.259 +-  0.000  0.000      3.11      3.64
  102   3.44724  1.95556    164.126  0.449 +-  0.000  0.000     -9.39      2.28
  103   8.04615  2.29904     21.269  0.000 +-  0.000  0.000     21.27     21.27
  104  -8.52939  1.49547      4.803  0.000 +-  0.000  0.000      4.80      4.80
  105  11.54707  4.40540      1.047  0.000 +-  0.000  0.000      1.05      1.05
  106   1.58989  2.14762    128.624  0.229 +-  0.000  0.000     39.94     21.77
  107  -3.10503  4.02721    121.998  0.329 +-  0.000  0.000     -5.25     -4.99
  108  -0.82229  0.06490    179.882  0.339 +-  0.000  0.000     48.78     14.86
  109  -1.60162  0.79942    179.961  0.419 +-  0.000  0.000     18.01    -14.99
  110  -0.48375  5.94362    139.187  0.289 +-  0.000  0.000     27.37     -3.00
  111  -9.19584  0.43113      4.543  0.000 +-  0.000  0.000      4.54      4.54
  112  10.84997  2.31554      2.399  0.000 +-  0.000  0.000      2.40      2.40
  113   6.39267  4.63177     35.112  0.000 +-  0.000  0.000     35.11     35.11
  114   6.55094  5.30584     37.039  0.000 +-  0.000  0.000     37.04     37.04
  115  -9.41631  2.56635     10.369  0.000 +-  0.000  0.000     10.37     10.37
  116   2.61478  4.27934    120.338  0.389 +-  0.000  0.000    -30.04    -42.00
  117   6.00642  1.66561     55.311  0.199 +-  0.000  0.000    -21.81     37.64
  118  -3.27584  0.77279    115.902  0.299 +-  0.000  0.000      0.22      4.12
  119 -10.31022  4.06355      2.287  0.000 +-  0.000  0.000      2.29      2.29
  120  -6.31655  2.23071     33.285  0.000 +-  0.000  0.000     33.28     33.28
  121 -10.90636  5.72942      4.414  0.000 +-  0.000  0.000      4.41      4.41
  122  11.66406  3.13583      1.650  0.000 +-  0.000  0.000      1.65      1.65
  123  -1.20792  3.35102    104.199  0.239 +-  0.000  0.000     11.66    -10.18
  124   8.95448  2.89156      5.837  0.000 +-  0.000  0.000      5.84      5.84
  125  -6.67389  6.15197     43.237  0.000 +-  0.000  0.000     43.24     43.24
  126  -5.55106  1.87266     59.808  0.309 +-  0.000  0.000    -59.73     14.12
  127   5.34345  1.83935     63.885  0.299 +-  0.000  0.000    -51.79     12.06
  128  -0.33944  0.27998    160.094  0.319 +-  0.000  0.000     36.70      2.77
  129   5.76183  0.97985     54.888  0.399 +-  0.000  0.000    -99.35      6.63
  130   8.42508  1.92311     12.929  0.000 +-  0.000  0.000     12.93     12.93
  131  -4.76971  3.31219     54.172  0.279 +-  0.000  0.000    -53.79    -12.41
  132  -9.81700  5.26257      8.488  0.000 +-  0.000  0.000      8.49      8.49
  133   1.57393  5.55493    196.826  0.409 +-  0.000  0.000     38.73      6.12
  134   1.49423  0.52198    154.494  0.359 +-  0.000  0.000     15.68    -13.95
  135  12.04196  0.62163      2.758  0.000 +-  0.000  0.000      2.76      2.76
  136  -6.58385  2.65618     41.102  0.000 +-  0.000  0.000     41.10     41.10
  137   3.56192  1.42975     85.544  0.249 +-  0.000  0.000    -10.85     -2.12
  138  -3.52182  5.68277    131.601  0.389 +-  0.000  0.000    -18.78     -6.40
  139  -9.92348  0.30466      5.195  0.000 +-  0.000  0.000      5.19      5.19
  140   9.55475  2.85103      4.425  0.000 +-  0.000  0.000      4.42      4.42
  141  -4.82030  1.58521     60.062  0.289 +-  0.000  0.000    -51.76     -7.32
  142   3.90001  5.57378    117.184  0.349 +-  0.000  0.000    -17.77      4.36
  143   9.20695  6.12509      4.729  0.000 +-  0.000  0.000      4.73      4.73
  144  -8.44470  6.13743     16.911  0.000 +-  0.000  0.000     16.91     16.91
  145   3.60113  4.60968    114.660  0.369 +-  0.000  0.000    -28.01    -13.92
  146   4.68201  1.10744     66.852  0.279 +-  0.000  0.000    -41.11     -2.34
  147   8.62218  3.12496      9.027  0.000 +-  0.000  0.000      9.03      9.03
  148   7.28263  2.50153     44.788  0.000 +-  0.000  0.000     44.79     44.79
  149  -4.18406  0.82849    105.842  0.409 +-  0.000  0.000    -52.25    -15.77
  150  10.45563  0.62098      1.593  0.000 +-  0.000  0.000      1.59      1.59
  151  -1.96529  4.21336    142.070  0.359 +-  0.000  0.000      3.26    -19.79
  152  -2.18110  5.00093    141.444  0.329 +-  0.000  0.000     14.20     -3.62
  153   1.87498  6.19159    164.973  0.359 +-  0.000  0.000     26.16      1.71
  154 -11.10356  6.22449      1.340  0.000 +-  0.000  0.000      1.34      1.34
  155   5.16149  1.22512     68.193  0.379 +-  0.000  0.000    -78.33     -5.59
  156   8.57050  3.86278      8.742  0.000 +-  0.000  0.000      8.74      8.74
  157  -2.41146  5.36100    115.926  0.299 +-  0.000  0.000      0.25    -12.39
  158   6.29620  1.05923     47.720  0.020 +-  0.000  0.000     40.01     46.75
  159   7.89167  0.52930     13.182  0.000 +-  0.000  0.000     13.18     13.18
  160   9.23447  5.03505      5.770  0.000 +-  0.000  0.000      5.77      5.77
  161   5.25657  0.51186     66.175  0.379 +-  0.000  0.000    -80.35     -3.39
  162  -2.06528  2.71571    117.456  0.269 +-  0.000  0.000     13.35     -2.72
  163  -0.63850  2.30541    127.302  0.239 +-  0.000  0.000     34.76     10.10
  164   8.43551  5.53754      9.964  0.000 +-  0.000  0.000      9.96      9.96
  165 -10.04662  2.22503      2.894  0.000 +-  0.000  0.000      2.89      2.89
  166  -8.62040  3.41171     11.871  0.000 +-  0.000  0.000     11.87     11.87
  167   1.61951  2.68663    174.682  0.369 +-  0.000  0.000     32.01      3.18
  168  -1.31939  0.06292    169.562  0.349 +-  0.000  0.000     34.60      3.87
  169  -5.57244  2.78056     48.943  0.309 +-  0.000  0.000    -70.59      4.08
  170  10.97920  3.74663      5.587  0.000 +-  0.000  0.000      5.59      5.59
  171  -4.41209  2.70984    142.392  0.389 +-  0.000  0.000     -7.99     35.29
  172  -1.66549  4.70477    130.692  0.279 +-  0.000  0.000     22.73      1.38
  173   0.59133  5.28015    111.173  0.229 +-  0.000  0.000     22.49     -1.30
  174 -10.46623  0.79190      5.966  0.000 +-  0.000  0.000      5.97      5.97
  175   5.88123  6.15285     44.892  0.219 +-  0.000  0.000    -39.94     21.78
  176  -3.88010  4.42798    123.596  0.309 +-  0.000  0.000      4.06     23.13
  177  -8.48125  3.92131     11.480  0.000 +-  0.000  0.000     11.48     11.48
  178  -2.74809  2.48778    118.872  0.349 +-  0.000  0.000    -16.09    -24.01
  179  -3.26934  1.67551    116.029  0.289 +-  0.000  0.000      4.21      7.84
  180  -1.75266  2.31471    147.497  0.319 +-  0.000  0.000     24.11      0.78
  181  -3.18857  5.99661     75.893  0.209 +-  0.000  0.000     -5.08     -3.68
  182  -0.83636  0.78139    195.405  0.349 +-  0.000  0.000     60.45     25.63
  183   0.97942  1.13210    143.918  0.319 +-  0.000  0.000     20.53    -10.38
  184   7.80587  3.19949     17.608  0.000 +-  0.000  0.000     17.61     17.61
  185   0.93487  5.80456    167.967  0.369 +-  0.000  0.000     25.30    -10.79
  186  -1.82973  0.16744    127.002  0.319 +-  0.000  0.000      3.61    -18.72
  187   9.47468  1.59160      8.085  0.000 +-  0.000  0.000      8.08      8.08
  188  -9.50219  4.17420      4.886  0.000 +-  0.000  0.000      4.89      4.89
  189  -7.94682  2.52660     15.273  0.000 +-  0.000  0.000     15.27     15.27
  190  -2.91450  4.51468    115.589  0.289 +-  0.000  0.000      3.77      0.26
  191   6.23074  2.19588     57.632  0.090 +-  0.000  0.000     22.93     52.45
  192  11.94384  4.11151      2.778  0.000 +-  0.000  0.000      2.78      2.78
  193   7.43604  4.26908     32.606  0.000 +-  0.000  0.000     32.61     32.61
  194   5.91278  5.16494     56.130  0.189 +-  0.000  0.000    -17.13     36.96
  195   3.23825  3.44478    117.963  0.369 +-  0.000  0.000    -24.71    -20.91
  196  -9.02245  2.32609      1.979  0.000 +-  0.000  0.000      1.98      1.98
  197   0.17822  5.41765    115.914  0.229 +-  0.000  0.000     27.23      2.62
  198   6.92222  1.01994     22.848  0.000 +-  0.000  0.000     22.85     22.85
  199  -9.06540  1.72540      6.532  0.000 +-  0.000  0.000      6.53      6.53
  200  -6.93627  1.48126     17.103  0.000 +-  0.000  0.000     17.10     17.10
  201  -3.71695  3.75101    113.250  0.359 +-  0.000  0.000    -25.56     -8.43
  202   8.16548  5.90404     13.258  0.000 +-  0.000  0.000     13.26     13.26
  203   4.40357  0.22076     64.908  0.249 +-  0.000  0.000    -31.49     -3.96
  204   3.20378  5.35464    111.800  0.299 +-  0.000  0.000     -3.88     -1.55
  205  -5.03475  5.73100     71.335  0.369 +-  0.000  0.000    -71.33     -5.87
  206  -9.20909  1.06899      2.537  0.000 +-  0.000  0.000      2.54      2.54
  207 -10.42306  6.10899      2.069  0.000 +-  0.000  0.000      2.07      2.07
  208  -8.98010  3.64398      3.257  0.000 +-  0.000  0.000      3.26      3.26
  209  -7.64730  1.62875     19.369  0.000 +-  0.000  0.000     19.37     19.37
  210   1.10309  4.43288    106.172  0.279 +-  0.000  0.000     -1.79    -28.03
  211  -0.13506  0.87754    270.941  0.349 +-  0.000  0.000    135.98     98.49
  212  -2.46050  5.82289    113.437  0.329 +-  0.000  0.000    -13.81    -26.83
  213   6.43516  5.87261     36.078  0.000 +-  0.000  0.000     36.08     36.08
  214  -0.74508  1.79025    174.225  0.329 +-  0.000  0.000     46.98     13.61
  215  -3.26990  3.14190    100.511  0.319 +-  0.000  0.000    -22.88    -18.86
  216   9.63268  4.84770      4.280  0.000 +-  0.000  0.000      4.28      4.28
  217   4.18777  0.67018    122.261  0.329 +-  0.000  0.000     -4.98     24.49
  218  -5.74067  0.59139     48.953  0.359 +-  0.000  0.000    -89.86      4.54
  219   2.25630  3.03306     93.834  0.259 +-  0.000  0.000     -6.42    -19.48
  220   8.51802  2.64277     11.688  0.000 +-  0.000  0.000     11.69     11.69
  221   3.88098  6.08290    105.456  0.279 +-  0.000  0.000     -2.51     14.73
  222  -6.49275  1.66779     36.296  0.000 +-  0.000  0.000     36.30     36.30
  223   0.44434  4.66396    137.868  0.289 +-  0.000  0.000     26.05     -4.44
  224   4.88101  6.27662     80.890  0.319 +-  0.000  0.000    -42.50      8.65
  225  -1.00746  3.80785    177.540  0.379 +-  0.000  0.000     31.01     -5.45
  226   8.66274  6.13267      5.012  0.000 +-  0.000  0.000      5.01      5.01
  227 -11.67755  4.25177      1.037  0.000 +-  0.000  0.000      1.04      1.04
  228   0.03936  3.40299    149.777  0.329 +-  0.000  0.000     22.53    -12.88
  229   7.38716  5.92370     29.822  0.000 +-  0.000  0.000     29.82     29.82
  230   0.66111  2.28864    115.816  0.219 +-  0.000  0.000     30.99      8.45
  231  -2.79324  0.41229    103.089  0.279 +-  0.000  0.000     -4.88    -10.43
  232  -9.15766  4.70123      3.448  0.000 +-  0.000  0.000      3.45      3.45
  233   0.89741  0.62245    159.084  0.279 +-  0.000  0.000     51.12     23.59
  234  -7.39153  1.23565     30.693  0.000 +-  0.000  0.000     30.69     30.69
  235  -6.12889  4.18000     38.877  0.100 +-  0.000  0.000      0.32     31.71
  236  -8.51467  2.09032     16.305  0.000 +-  0.000  0.000     16.30     16.30
  237   4.06105  4.03506    113.244  0.349 +-  0.000  0.000    -21.71      5.45
  238  -3.83622  3.13321     87.841  0.289 +-  0.000  0.000    -23.98     -7.25
  239   7.74266  4.77244      9.321  0.000 +-  0.000  0.000      9.32      9.32
  240   9.46492  0.22605      1.260  0.000 +-  0.000  0.000      1.26      1.26
  241  -0.73409  3.00470     97.595  0.189 +-  0.000  0.000     24.33      5.09
  242   0.75869  2.72315    117.089  0.289 +-  0.000  0.000      5.27    -23.99
  243  -6.45013  5.53796     45.972  0.000 +-  0.000  0.000     45.97     45.97
  244  -3.22983  1.21604     65.495  0.180 +-  0.000  0.000     -3.91     -2.18
  245  10.07020  4.80503      3.844  0.000 +-  0.000  0.000      3.84      3.84
  246  10.83402  0.44091      2.039  0.000 +-  0.000  0.000      2.04      2.04
  247   2.67655  5.79218    108.826  0.269 +-  0.000  0.000      4.72     -2.57
  248   6.74170  2.37336     16.880  0.000 +-  0.000  0.000     16.88     16.88
  249  -7.52702  5.51034     27.652  0.000 +-  0.000  0.000     27.65     27.65
  250  -8.84526  2.86615      3.928  0.000 +-  0.000  0.000      3.93      3.93
  251   0.38539  1.12517    159.046  0.309 +-  0.000  0.000     39.51      6.76
  252   4.67443  3.76690     58.664  0.219 +-  0.000  0.000    -26.17      4.13
  253  -0.84065  5.13867    160.202  0.299 +-  0.000  0.000     44.52     14.70
  254   5.08775  3.64330     67.621  0.309 +-  0.000  0.000    -51.91      4.80
  255  -4.57274  2.02045     80.607  0.299 +-  0.000  0.000    -35.07      3.07
  256   6.35305  0.09633     35.699  0.000 +-  0.000  0.000     35.70     35.70
  257   0.50011  3.77142    107.778  0.249 +-  0.000  0.000     11.38    -14.75
  258  -9.75193  0.83597      1.744  0.000 +-  0.000  0.000      1.74      1.74
  259   9.59494  0.96930      1.069  0.000 +-  0.000  0.000      1.07      1.07
  260   2.64879  1.02924    120.612  0.299 +-  0.000  0.000      4.93     -3.66
  261   8.05475  5.04162     11.350  0.000 +-  0.000  0.000     11.35     11.35
  262   1.42071  3.57652    109.513  0.229 +-  0.000  0.000     20.83      1.35
  263   7.39370  2.98407     33.515  0.000 +-  0.000  0.000     33.51     33.51
  264  -2.34113  2.27284     80.527  0.239 +-  0.000  0.000    -12.02    -23.02
  265  -6.31298  0.57165     52.716  0.010 +-  0.000  0.000     48.86     52.26
  266  -3.10610  3.52520     84.995  0.219 +-  0.000  0.000      0.16      0.35
  267   5.14250  2.74674     59.507  0.269 +-  0.000  0.000    -44.60      6.49
  268  -4.20045  4.08908     80.386  0.199 +-  0.000  0.000      3.27     21.37
  269  -6.12310  3.71323     31.323  0.040 +-  0.000  0.000     15.90     28.42
  270   1.45788  1.20409     99.777  0.229 +-  0.000  0.000     11.09     -8.11
  271  -1.66438  5.33454    108.059  0.279 +-  0.000  0.000      0.09    -21.26
  272   8.14333  4.26783     14.770  0.000 +-  0.000  0.000     14.77     14.77
  273  -0.56646  3.38057    143.631  0.259 +-  0.000  0.000     43.38     16.41
  274   4.97472  2.31190     52.504  0.289 +-  0.000  0.000    -59.32     -9.96
  275  -2.19022  0.43973    101.515  0.229 +-  0.000  0.000     12.83      0.51
  276   9.67314  2.21004      2.389  0.000 +-  0.000  0.000      2.39      2.39
  277  10.08422  2.68131      2.336  0.000 +-  0.000  0.000      2.34      2.34
  278   7.91041  1.27360      3.502  0.000 +-  0.000  0.000      3.50      3.50
  279   1.26093  3.11167     90.391  0.239 +-  0.000  0.000     -2.15    -23.63
  280   8.18240  3.36812     12.668  0.000 +-  0.000  0.000     12.67     12.67
  281   0.78014  4.08101    100.526  0.269 +-  0.000  0.000     -3.58    -30.72
  282   4.67540  1.78994     88.826  0.369 +-  0.000  0.000    -53.84     -2.86
  283   5.57988  2.29831     54.285  0.349 +-  0.000  0.000    -80.67      3.96
  284  -0.21488  4.20573    224.947  0.349 +-  0.000  0.000     89.99     52.60
  285   5.73345  0.33223     36.906  0.229 +-  0.000  0.000    -51.78      8.32
  286   3.27845  2.98996     78.663  0.209 +-  0.000  0.000     -2.31      0.46
  287  -5.81441  2.30307     39.826  0.269 +-  0.000  0.000    -64.28      9.10
  288   7.88057  0.01026     12.932  0.000 +-  0.000  0.000     12.93     12.93
  289   3.95071  4.84661     91.941  0.219 +-  0.000  0.000      7.11     22.00
  290  -3.26647  0.18146     84.040  0.239 +-  0.000  0.000     -8.50     -5.55
  291   3.47055  4.21171     62.705  0.170 +-  0.000  0.000     -2.85      1.87
  292   8.99357  4.58955      4.560  0.000 +-  0.000  0.000      4.56      4.56
  293   5.98966  3.28624     38.498  0.170 +-  0.000  0.000    -27.05     23.09
  294  -1.62423  1.40611    121.458  0.239 +-  0.000  0.000     28.92     10.26
  295   6.94462  0.30767     38.656  0.000 +-  0.000  0.000     38.66     38.66
  296  -2.29187  3.63003    126.893  0.249 +-  0.000  0.000     30.49     18.39
  297   4.71245  4.65825     69.067  0.249 +-  0.000  0.000    -27.33      8.09
  298   6.58849  4.14301     26.249  0.000 +-  0.000  0.000     26.25     26.25
  299  11.17276  2.59621      1.888  0.000 +-  0.000  0.000      1.89      1.89
  300  -3.43026  4.79611     98.023  0.299 +-  0.000  0.000    -17.65    -10.27
  301   4.40635  2.45776     70.266  0.299 +-  0.000  0.000    -45.41    -12.29
  302  -1.15662  4.56183     83.544  0.180 +-  0.000  0.000     14.14     -2.48
  303  -8.18960  1.13504     18.645  0.000 +-  0.000  0.000     18.64     18.64
  304   2.43925  1.44963     77.785  0.219 +-  0.000  0.000     -7.05    -15.98
  305  -7.78656  3.31118     14.858  0.000 +-  0.000  0.000     14.86     14.86
  306  -4.84853  6.21551     60.618  0.269 +-  0.000  0.000    -43.49     -1.30
  307   0.21609  0.01453     80.954  0.209 +-  0.000  0.000     -0.02    -22.45
  308   3.08663  4.01662     73.177  0.209 +-  0.000  0.000     -7.80     -7.90
  309  -7.27212  6.00386     18.604  0.000 +-  0.000  0.000     18.60     18.60
  310  -2.14269  1.09741    126.469  0.279 +-  0.000  0.000     18.50      2.86
  311   1.31563  4.94713    137.924  0.279 +-  0.000  0.000     29.96      5.34
  312  -8.86600  5.98781      6.275  0.000 +-  0.000  0.000      6.28      6.28
  313   7.43767  1.51510     34.833  0.000 +-  0.000  0.000     34.83     34.83
  314   3.12568  5.80376     91.540  0.219 +-  0.000  0.000      6.71      7.20
  315  10.60563  1.76840      1.383  0.000 +-  0.000  0.000      1.38      1.38
  316   2.70012  4.82896     97.658  0.269 +-  0.000  0.000     -6.45    -13.36
  317  -0.50693  1.23524    118.558  0.239 +-  0.000  0.000     26.02      0.95
  318   6.59219  1.83333     23.249  0.000 +-  0.000  0.000     23.25     23.25
  319   2.21718  2.62638    104.086  0.219 +-  0.000  0.000     19.25      7.77
  320   2.43817  0.02374     86.611  0.189 +-  0.000  0.000     13.35      5.62
  321  -2.54198  1.68014    126.667  0.279 +-  0.000  0.000     18.70      8.94
  322  -4.55357  1.18892     56.484  0.219 +-  0.000  0.000    -28.35     -0.81
  323  -9.41057  3.08540      6.077  0.000 +-  0.000  0.000      6.08      6.08
  324  -8.41213  0.60987     11.443  0.000 +-  0.000  0.000     11.44     11.44
  325   3.15284  2.53815     61.120  0.180 +-  0.000  0.000     -8.29     -7.54
  326   0.46808  0.55093    104.078  0.229 +-  0.000  0.000     15.39     -8.73
  327  10.45295  2.26584      2.888  0.000 +-  0.000  0.000      2.89      2.89
  328  -2.71702  0.01454     57.834  0.150 +-  0.000  0.000     -0.01     -3.69
  329  -1.51448  5.79306    151.674  0.259 +-  0.000  0.000     51.42     30.20
  330   2.09951  2.23163     88.813  0.189 +-  0.000  0.000     15.55      4.55
  331   5.93738  4.69861     50.098  0.229 +-  0.000  0.000    -38.59     27.65
  332   6.89930  4.59568     25.148  0.000 +-  0.000  0.000     25.15     25.15
  333   9.10715  3.57370      3.839  0.000 +-  0.000  0.000      3.84      3.84
  334  -3.66984  0.42694    102.101  0.259 +-  0.000  0.000      1.85     13.21
  335  -5.62472  1.12843     27.526  0.209 +-  0.000  0.000    -53.45     -1.49
  336   8.34295  1.48673      7.635  0.000 +-  0.000  0.000      7.63      7.63
  337  10.15344  0.93597      3.957  0.000 +-  0.000  0.000      3.96      3.96
  338  -7.06900  5.64054     30.548  0.000 +-  0.000  0.000     30.55     30.55
  339  -2.35596  4.57712     99.744  0.219 +-  0.000  0.000     14.91      4.99
  340   6.43960  2.86167     42.153  0.000 +-  0.000  0.000     42.15     42.15
  341   1.87196  4.82598    111.632  0.239 +-  0.000  0.000     19.09      2.76
  342   3.99062  1.08708     73.412  0.259 +-  0.000  0.000    -26.84     -8.32
  343   0.33643  2.94267    107.133  0.249 +-  0.000  0.000     10.73    -15.78
  344  10.08269  3.96696      3.128  0.000 +-  0.000  0.000      3.13      3.13
  345  -2.33447  3.04367     73.865  0.209 +-  0.000  0.000     -7.11    -16.82
  346  -5.26852  1.32665     41.663  0.279 +-  0.000  0.000    -66.30     -9.20
  347 -10.36582  1.26094      2.671  0.000 +-  0.000  0.000      2.67      2.67
  348  -5.69015  6.22266     41.691  0.259 +-  0.000  0.000    -58.56      7.93
  349  -6.06879  2.79436     36.521  0.090 +-  0.000  0.000      1.82     29.33
  350  -1.99439  5.82839    103.474  0.259 +-  0.000  0.000      3.22    -13.09
  351   2.40874  5.17673     80.182  0.239 +-  0.000  0.000    -12.36    -22.51
  352  -7.41722  0.82540     23.649  0.000 +-  0.000  0.000     23.65     23.65
  353  -7.99001  0.19322     13.625  0.000 +-  0.000  0.000     13.63     13.63
  354  -2.47857  4.10207     94.115  0.219 +-  0.000  0.000      9.28      0.83
  355   4.52982  4.22442     62.381  0.209 +-  0.000  0.000    -18.59      7.19
  356  -4.17427  1.51471     59.393  0.219 +-  0.000  0.000    -25.44     -6.06
  357  -2.46611  0.79946     81.756  0.189 +-  0.000  0.000      8.49      1.06
  358   3.54193  3.75071     65.692  0.189 +-  0.000  0.000     -7.57     -1.23
  359   0.44847  5.87270     97.523  0.199 +-  0.000  0.000     20.40     -0.61
  360   4.22669  2.93580     79.304  0.249 +-  0.000  0.000    -17.09      6.16
  361   2.00710  0.41114     74.266  0.199 +-  0.000  0.000     -2.85    -15.28
  362  10.29519  4.39002      2.158  0.000 +-  0.000  0.000      2.16      2.16
  363   2.44780  1.88571    101.197  0.209 +-  0.000  0.000     20.22     11.79
  364  -4.33110  4.90272     92.358  0.219 +-  0.000  0.000      7.53     30.19
  365   1.90775  1.40158    126.784  0.269 +-  0.000  0.000     22.67      4.71
  366   5.55474  5.45603     45.083  0.219 +-  0.000  0.000    -39.75     12.76
  367   1.34655  6.11308    111.624  0.229 +-  0.000  0.000     22.94      2.93
  368   6.96255  3.75631     30.453  0.000 +-  0.000  0.000     30.45     30.45
  369   2.28347  5.91745     59.907  0.180 +-  0.000  0.000     -9.50    -18.30
  370  10.09247  1.90649      1.292  0.000 +-  0.000  0.000      1.29      1.29
  371   3.27798  0.62952     60.291  0.170 +-  0.000  0.000     -5.26     -3.02
  372  -6.21933  5.04525     22.652  0.020 +-  0.000  0.000     14.94     21.47
  373   8.71796  1.18246      5.718  0.000 +-  0.000  0.000      5.72      5.72
  374  -4.97772  2.88347     45.258  0.209 +-  0.000  0.000    -35.72      0.09
  375  -1.91029  3.18904    101.975  0.209 +-  0.000  0.000     21.00      7.05
  376  -1.23757  4.95801    109.669  0.259 +-  0.000  0.000      9.41    -14.03
  377  -4.40803  5.33337     70.297  0.229 +-  0.000  0.000    -18.39      7.04
  378  -5.31261  4.93873     35.395  0.259 +-  0.000  0.000    -64.86    -10.48
  379   9.00503  4.10383      3.285  0.000 +-  0.000  0.000      3.29      3.29
  380   3.06539  1.10164     61.792  0.189 +-  0.000  0.000    -11.47    -11.84
  381   7.02169  1.95266     27.656  0.000 +-  0.000  0.000     27.66     27.66
  382   9.14181  1.20505      5.295  0.000 +-  0.000  0.000      5.30      5.30
  383   6.95288  5.62918     21.297  0.000 +-  0.000  0.000     21.30     21.30
  384  -6.96374  1.07426     22.146  0.000 +-  0.000  0.000     22.15     22.15
  385   4.79892  0.63231     42.567  0.189 +-  0.000  0.000    -30.70     -2.02
  386   2.74041  3.66542     65.306  0.170 +-  0.000  0.000     -0.24     -4.17
  387   7.44333  1.01299     27.701  0.000 +-  0.000  0.000     27.70     27.70
  388   2.72526  2.81620     67.050  0.170 +-  0.000  0.000      1.50     -2.59
  389  -6.80089  5.24210     21.120  0.000 +-  0.000  0.000     21.12     21.12
  390  -3.75188  0.91025     70.214  0.140 +-  0.000  0.000     16.23     23.30
  391   0.82285  4.91818    108.804  0.209 +-  0.000  0.000     27.83      6.88
  392  -9.91567  3.18223      1.211  0.000 +-  0.000  0.000      1.21      1.21
  393  -4.71309  3.77047     51.668  0.209 +-  0.000  0.000    -29.31      0.46
  394  -1.17634  0.56697     62.199  0.110 +-  0.000  0.000     19.78      9.68
  395   2.03016  1.80992     72.949  0.180 +-  0.000  0.000      3.54     -7.46
  396  -6.94476  3.17753     24.593  0.000 +-  0.000  0.000     24.59     24.59
  397  -0.96886  2.65768     89.327  0.180 +-  0.000  0.000     19.92      2.49
  398  -4.24591  3.64433     44.419  0.229 +-  0.000  0.000    -44.27    -22.46
  399   3.69744  0.64328     50.747  0.150 +-  0.000  0.000     -7.09     -0.20
  400  -5.14008  2.02538     42.894  0.219 +-  0.000  0.000    -41.94     -0.37
  401 -10.96325  0.37539      1.739  0.000 +-  0.000  0.000      1.74      1.74
  402  -4.45939  4.40609     43.674  0.189 +-  0.000  0.000    -29.59     -7.61
  403   1.08405  0.18828     77.161  0.219 +-  0.000  0.000     -7.67    -28.38
  404  -4.23006  3.22564     50.780  0.180 +-  0.000  0.000    -18.63     -1.83
  405   5.97647  5.64833     33.640  0.120 +-  0.000  0.000    -12.63     22.55
  406  -7.92877  2.07308      5.086  0.000 +-  0.000  0.000      5.09      5.09
  407   1.11010  5.32740     71.629  0.130 +-  0.000  0.000     21.50      9.34
  408  -3.76957  1.34887     65.746  0.170 +-  0.000  0.000      0.19      9.04
  409   3.75934  3.17570     56.259  0.180 +-  0.000  0.000    -13.15     -3.94
  410  -5.95850  1.49974     24.774  0.150 +-  0.000  0.000    -33.06     10.56
  411  -8.30190  4.83812     16.454  0.000 +-  0.000  0.000     16.45     16.45
  412  -3.69718  6.19026     79.765  0.219 +-  0.000  0.000     -5.07      5.04
  413   2.97759  1.54379     80.982  0.209 +-  0.000  0.000      0.01     -1.65
  414   2.71760  3.25832     99.933  0.229 +-  0.000  0.000     11.25      5.61
  415   8.49644  4.92993      7.922  0.000 +-  0.000  0.000      7.92      7.92
  416   9.99081  1.45024      3.800  0.000 +-  0.000  0.000      3.80      3.80
  417   2.29939  3.70017     81.633  0.170 +-  0.000  0.000     16.08      7.91
  418   1.11867  3.86362     64.553  0.150 +-  0.000  0.000      6.71     -7.28
  419   1.47318  4.08387    115.348  0.199 +-  0.000  0.000     38.23     21.63
  420   7.33799  4.71107     14.432  0.000 +-  0.000  0.000     14.43     14.43
  421  -7.28850  4.16377     19.255  0.000 +-  0.000  0.000     19.25     19.25
  422   3.46308  1.01869     59.789  0.180 +-  0.000  0.000     -9.62     -4.73
  423   3.53446  5.78385     41.369  0.130 +-  0.000  0.000     -8.76     -4.50
  424  -2.69970  3.72097     55.682  0.160 +-  0.000  0.000     -6.01    -10.11
  425   0.62901  0.02974     96.499  0.160 +-  0.000  0.000     34.80     18.34
  426  -8.70358  4.54078      4.380  0.000 +-  0.000  0.000      4.38      4.38
  427  -7.88948  5.89131      8.473  0.000 +-  0.000  0.000      8.47      8.47
  428  -1.41054  4.21467     78.634  0.120 +-  0.000  0.000     32.36     22.16
  429  -8.86047  0.18086      4.446  0.000 +-  0.000  0.000      4.45      4.45
  430  -4.50190  5.73838     38.617  0.189 +-  0.000  0.000    -34.65    -11.86
  431  -8.85589  0.85594      2.878  0.000 +-  0.000  0.000      2.88      2.88
  432  -1.18107  2.26745     71.975  0.180 +-  0.000  0.000      2.57    -13.94
  433  -3.89127  2.60085     47.710  0.189 +-  0.000  0.000    -25.55    -13.68
  434   7.37888  0.58532     21.303  0.000 +-  0.000  0.000     21.30     21.30
  435   0.03850  3.88358     89.636  0.140 +-  0.000  0.000     35.65     20.63
  436  -0.32916  1.90993     62.300  0.120 +-  0.000  0.000     16.03      3.29
  437   0.04004  0.43033     68.603  0.140 +-  0.000  0.000     14.62     -0.40
  438   4.25085  4.51369     30.728  0.110 +-  0.000  0.000    -11.69     -1.20
  439   8.91176  1.73060      3.349  0.000 +-  0.000  0.000      3.35      3.35
  440  -2.97589  5.63231     52.402  0.130 +-  0.000  0.000      2.27      1.23
  441   1.85816  3.82655     67.614  0.150 +-  0.000  0.000      9.78     -0.52
  442  -4.05450  5.63973     58.290  0.199 +-  0.000  0.000    -18.83     -3.43
  443   7.42991  0.10677     26.305  0.000 +-  0.000  0.000     26.30     26.30
  444  -2.27735  6.27280     64.760  0.150 +-  0.000  0.000      6.92     -0.46
  445   0.29107  4.24710     70.549  0.120 +-  0.000  0.000     24.28     11.51
  446   6.89686  6.12518     13.048  0.000 +-  0.000  0.000     13.05     13.05
  447   6.04184  2.73590     22.200  0.110 +-  0.000  0.000    -20.21     13.01
  448   1.14953  2.53211     79.460  0.160 +-  0.000  0.000     17.76      2.96
  449  11.52228  5.27241      1.439  0.000 +-  0.000  0.000      1.44      1.44
  450  11.45547  0.88437      1.528  0.000 +-  0.000  0.000      1.53      1.53
  451   4.86692  5.13923     27.951  0.150 +-  0.000  0.000    -29.89     -6.14
  452  -7.93103  0.75074      8.691  0.000 +-  0.000  0.000      8.69      8.69
  453  -0.42846  3.79942    108.347  0.170 +-  0.000  0.000     42.80     24.90
  454  11.52254  0.13035      1.343  0.000 +-  0.000  0.000      1.34      1.34
  455   4.36083  1.41848     46.279  0.160 +-  0.000  0.000    -15.42      1.53
  456   6.90701  5.10675     15.098  0.000 +-  0.000  0.000     15.10     15.10
  457   7.04003  4.20495     13.853  0.000 +-  0.000  0.000     13.85     13.85
  458  -9.53852  1.99580      1.433  0.000 +-  0.000  0.000      1.43      1.43
  459   1.54578  4.57537     59.073  0.110 +-  0.000  0.000     16.66      7.80
  460 -10.67182  5.15211      1.158  0.000 +-  0.000  0.000      1.16      1.16
  461  -5.57374  5.82200     29.629  0.110 +-  0.000  0.000    -12.79     13.73
  462  -3.46137  4.26362     44.003  0.150 +-  0.000  0.000    -13.84     -9.78
  463  -6.05940  1.91632     15.013  0.060 +-  0.000  0.000     -8.12     10.14
  464  -9.35963  3.51358      5.069  0.000 +-  0.000  0.000      5.07      5.07
  465   3.60219  5.09713     49.949  0.120 +-  0.000  0.000      3.68      8.26
  466  -9.99590  5.84731      2.076  0.000 +-  0.000  0.000      2.08      2.08
  467  -0.60717  5.48925     49.196  0.090 +-  0.000  0.000     14.49      5.20
  468   7.88588  5.49745      6.843  0.000 +-  0.000  0.000      6.84      6.84
  469   5.08614  3.16060     17.282  0.120 +-  0.000  0.000    -28.99     -7.06
  470   9.51268  3.77971      5.386  0.000 +-  0.000  0.000      5.39      5.39
  471   2.78639  5.36161     45.047  0.100 +-  0.000  0.000      6.49      4.46
  472 -11.22632  4.51022      1.294  0.000 +-  0.000  0.000      1.29      1.29
  473   5.57300  1.46610     16.447  0.100 +-  0.000  0.000    -22.11      1.98
  474   8.57810  4.45395      1.981  0.000 +-  0.000  0.000      1.98      1.98
  475   2.27058  4.74342     24.675  0.070 +-  0.000  0.000     -2.32     -5.78
  476 -14.23522  5.88782      1.618  0.000 +-  0.000  0.000      1.62      1.62
  477  10.52712  4.00532      1.312  0.000 +-  0.000  0.000      1.31      1.31
  478 -12.12371  2.32723      3.026  0.000 +-  0.000  0.000      3.03      3.03
  479 -14.08385  3.52909      1.196  0.000 +-  0.000  0.000      1.20      1.20
