# ../areas-test-mean-class -incl 1.0 -r 0.4 -in HIevent-RHIC-Nch900.dat -cam -discard 2.0 
#---------------------------------------------------------------------
#                     FastJet release 2.1 beta    			 
#            Written by Matteo Cacciari and Gavin Salam		 
#            http://www.lpthe.jussieu.fr/~salam/fastjet		 
#								      	 
# Longitudinally invariant Kt Jet clustering, using the fast geometric
# algorithms of hep-ph/0512210 (please cite this if you use FastJet)  
# This package makes use of the CGAL library: http://www.cgal.org/    
# This package incorporates T.Chan's closest-pair algorithm, Proc. 13th     
# ACM-SIAM Symposium on Discrete Algorithms, pp.472-473, 2002
#---------------------------------------------------------------------
# median_pt_per_area = 4.62026
# sub_a, sub_b = 20.8232 -0.626961
 ijet   rap      phi        Pt       area  +-   err   stddev  pt_corr  ptcr(a,b)
    0  -8.71979  3.35199      2.244  0.000 +-  0.000  0.000      2.24      2.24
    1  -7.15161  0.33128      2.215  0.000 +-  0.000  0.000      2.22      2.22
    2   2.53220  3.73752      5.110  0.459 +-  0.000  0.000      2.99     -2.60
    3  -0.96307  4.43809      4.843  0.120 +-  0.000  0.000      4.29      2.42
    4   2.65723  5.33559      2.436  0.529 +-  0.000  0.000     -0.01     -6.23
    5  -2.61294  0.23630      2.171  0.469 +-  0.000  0.000      0.01     -5.58
    6   5.00433  4.33291      9.319  0.539 +-  0.000  0.000      6.83      6.56
    7  -4.53036  4.84836      2.456  0.319 +-  0.000  0.000      0.98     -0.08
    8   7.07911  2.23874      4.387  0.000 +-  0.000  0.000      4.39      4.39
    9  -2.58793  4.92832      2.063  0.429 +-  0.000  0.000      0.08     -5.07
   10   3.68403  4.89797      7.852  0.618 +-  0.000  0.000      5.00      0.24
   11  -8.30507  2.61690      3.160  0.000 +-  0.000  0.000      3.16      3.16
   12   3.67581  0.82282      8.958  0.598 +-  0.000  0.000      6.19      1.57
   13   8.34987  1.50274      2.601  0.000 +-  0.000  0.000      2.60      2.60
   14  -0.92116  1.66497      2.179  0.389 +-  0.000  0.000      0.38     -5.71
   15   4.35840  2.85827      5.099  0.259 +-  0.000  0.000      3.90      2.79
   16   1.22488  2.33873      6.040  0.369 +-  0.000  0.000      4.34     -1.30
   17   4.44435  4.44750      2.247  0.299 +-  0.000  0.000      0.86     -0.28
   18  -3.57298  5.46175      2.260  0.160 +-  0.000  0.000      1.52      0.21
   19   0.21023  1.14386      2.984  0.279 +-  0.000  0.000      1.69     -2.82
   20  -0.12088  1.48190     16.862  0.349 +-  0.000  0.000     15.25      9.60
   21  -5.11603  5.68116      3.165  0.449 +-  0.000  0.000      1.09      1.18
   22  -6.62032  2.22961      4.100  0.000 +-  0.000  0.000      4.10      4.10
   23   1.26586  5.21307      2.054  0.249 +-  0.000  0.000      0.90     -2.89
   24   5.61661  5.80677      2.084  0.489 +-  0.000  0.000     -0.17      1.57
   25   1.04518  1.23234      6.388  0.549 +-  0.000  0.000      3.85     -4.66
   26  -1.81693  4.99478      2.041  0.339 +-  0.000  0.000      0.47     -4.32
   27   5.74499  1.53997      3.083  0.170 +-  0.000  0.000      2.30      3.06
   28   1.11941  3.15553      3.060  0.549 +-  0.000  0.000      0.53     -7.93
   29  -5.59970  2.92862      2.417  0.429 +-  0.000  0.000      0.44      1.92
   30  -2.55183  5.55451      2.033  0.509 +-  0.000  0.000     -0.32     -6.48
   31  -0.91888  2.67966      9.639  0.219 +-  0.000  0.000      8.63      5.19
   32   1.23684  4.67427      8.646  0.429 +-  0.000  0.000      6.66      0.13
   33  -0.61296  5.68215      8.690  0.389 +-  0.000  0.000      6.89      0.68
   34  -3.75344  3.55383      3.380  0.479 +-  0.000  0.000      1.17     -2.36
   35  -1.74296  1.00299      2.096  0.339 +-  0.000  0.000      0.53     -4.32
   36   5.30937  5.25394      3.380  0.529 +-  0.000  0.000      0.94      1.71
   37  -5.32872  4.27548      2.753  0.249 +-  0.000  0.000      1.60      2.00
   38   2.31111  1.61928      2.012  0.389 +-  0.000  0.000      0.21     -4.79
   39   2.45137  1.12055      2.121  0.209 +-  0.000  0.000      1.15     -1.45
   40  -1.93174  5.87511      2.474  0.728 +-  0.000  0.000     -0.89    -10.98
   41  -0.35188  4.61390     22.185  0.359 +-  0.000  0.000     20.53     14.74
   42   1.83564  1.86109      6.789  0.568 +-  0.000  0.000      4.16     -3.85
   43  -5.13575  1.72012      3.207  0.259 +-  0.000  0.000      2.01      2.10
   44   1.68282  5.54290      6.161  0.160 +-  0.000  0.000      5.42      3.12
   45  -4.14351  5.10513      9.304  0.319 +-  0.000  0.000      7.83      6.09
   46   0.04333  3.22276     17.225  0.229 +-  0.000  0.000     16.17     12.45
   47   3.34190  2.59585      5.230  0.369 +-  0.000  0.000      3.52      0.13
   48   4.42655  0.73603      2.174  0.588 +-  0.000  0.000     -0.55     -2.85
   49   1.74724  4.00406      3.119  0.170 +-  0.000  0.000      2.34     -0.09
   50  -2.16802  3.63694      2.313  0.628 +-  0.000  0.000     -0.59     -8.92
   51   1.91035  6.15728      2.090  0.399 +-  0.000  0.000      0.25     -5.30
   52   0.59770  4.65510      5.143  0.578 +-  0.000  0.000      2.47     -6.77
   53   0.39536  3.43092      4.507  0.399 +-  0.000  0.000      2.66     -3.76
   54   0.24088  6.09476     34.556  0.559 +-  0.000  0.000     31.98     22.95
   55   1.10742  3.82034     14.254  0.529 +-  0.000  0.000     11.81      3.65
   56   5.79732  1.95754      2.438  0.279 +-  0.000  0.000      1.15      2.51
   57   4.81341  2.85816      3.649  0.339 +-  0.000  0.000      2.08      1.51
   58  -5.65173  6.07429      3.176  0.379 +-  0.000  0.000      1.43      2.87
   59  -3.09343  0.03033      5.324  0.449 +-  0.000  0.000      3.25     -1.33
   60  -0.92269  0.14216      8.977  0.229 +-  0.000  0.000      7.92      4.32
   61  -1.15840  4.89650      4.875  0.219 +-  0.000  0.000      3.86      0.49
   62  -0.84207  3.97663      2.315  0.429 +-  0.000  0.000      0.33     -6.42
   63  -4.81584  2.12895      2.642  0.419 +-  0.000  0.000      0.71      0.01
   64   3.97578  0.23010      2.039  0.389 +-  0.000  0.000      0.24     -2.21
   65  -0.74053  4.90915      2.074  0.269 +-  0.000  0.000      0.83     -3.44
   66  -5.56896  1.19278      2.489  0.459 +-  0.000  0.000      0.37      1.86
   67  -1.31883  5.51747      6.096  0.459 +-  0.000  0.000      3.98     -2.96
   68   0.43307  2.77254      2.718  0.469 +-  0.000  0.000      0.55     -6.99
   69  -1.24156  6.08267     10.464  0.299 +-  0.000  0.000      9.08      4.52
   70   0.77919  5.68736      2.591  0.539 +-  0.000  0.000      0.10     -8.42
   71   3.29483  4.04012      4.981  0.449 +-  0.000  0.000      2.91     -1.31
   72  -0.45699  2.51329      9.521  0.219 +-  0.000  0.000      8.51      4.98
   73   3.85582  1.76960      2.655  0.539 +-  0.000  0.000      0.17     -3.54
   74  -4.39911  6.12205      4.587  0.259 +-  0.000  0.000      3.39      2.33
   75  -2.02263  3.00153      4.439  0.489 +-  0.000  0.000      2.18     -4.48
   76  -3.40254  0.63695      3.339  0.519 +-  0.000  0.000      0.94     -3.70
   77  -3.25770  5.16070      7.015  0.409 +-  0.000  0.000      5.13      1.22
   78  -1.35986  0.41514      8.312  0.598 +-  0.000  0.000      5.55     -3.45
   79   7.60067  2.16786      2.562  0.000 +-  0.000  0.000      2.56      2.56
   80   0.99981  1.89870      2.329  0.439 +-  0.000  0.000      0.30     -6.53
   81  -2.99710  3.95697      3.001  0.459 +-  0.000  0.000      0.88     -3.97
   82  -0.27681  3.88537     15.866  0.409 +-  0.000  0.000     13.98      7.37
   83  -6.71352  1.43587      2.820  0.000 +-  0.000  0.000      2.82      2.82
   84   4.13673  4.02512      2.664  0.379 +-  0.000  0.000      0.91     -1.16
   85  -4.27500  1.45511      2.144  0.698 +-  0.000  0.000     -1.08     -4.39
   86  -0.46015  3.38880      5.692  0.329 +-  0.000  0.000      4.17     -1.12
   87   1.59290  2.67520      4.668  0.289 +-  0.000  0.000      3.33     -0.89
   88   1.21044  6.16227      2.909  0.439 +-  0.000  0.000      0.88     -5.83
   89   3.09933  0.21502      2.521  0.419 +-  0.000  0.000      0.59     -3.68
   90   5.50652  3.39553      2.268  0.568 +-  0.000  0.000     -0.36      1.24
   91   3.76957  3.64100      2.042  0.479 +-  0.000  0.000     -0.17     -3.66
   92  -4.77559  3.68023      4.911  0.519 +-  0.000  0.000      2.52      1.53
   93  -0.54360  0.44487      4.299  0.608 +-  0.000  0.000      1.49     -8.26
   94  -6.83643  3.95038      3.445  0.000 +-  0.000  0.000      3.45      3.45
   95   1.73632  3.58373      2.332  0.489 +-  0.000  0.000      0.07     -6.92
   96  -4.38983  0.61905      2.185  0.588 +-  0.000  0.000     -0.53     -2.96
   97   0.42685  0.44517      6.041  0.209 +-  0.000  0.000      5.07      1.70
   98   0.09424  4.24472     14.953  0.499 +-  0.000  0.000     12.65      4.57
   99  -3.27272  3.04119      4.929  0.399 +-  0.000  0.000      3.09     -0.70
  100   5.37759  1.04401      5.029  0.638 +-  0.000  0.000      2.08      3.31
  101   3.91704  4.46789      4.690  0.249 +-  0.000  0.000      3.54      1.90
  102  -5.69192  4.62122      2.198  0.519 +-  0.000  0.000     -0.20      1.93
  103   3.06308  1.22669      2.161  0.419 +-  0.000  0.000      0.23     -4.10
  104   2.54437  4.67315      2.108  0.209 +-  0.000  0.000      1.14     -1.40
  105  -1.31145  2.41357     14.927  0.539 +-  0.000  0.000     12.44      4.29
  106  -4.09596  4.68962      2.315  0.309 +-  0.000  0.000      0.89     -0.87
  107   2.85726  3.24910      7.493  0.339 +-  0.000  0.000      5.93      2.17
  108  -1.72921  3.82278      2.436  0.229 +-  0.000  0.000      1.38     -1.91
  109   7.50861  3.22146      2.042  0.000 +-  0.000  0.000      2.04      2.04
  110  -0.38760  2.08894      9.860  0.379 +-  0.000  0.000      8.11      2.00
  111  -2.08997  2.33415      3.955  0.429 +-  0.000  0.000      1.97     -3.80
  112   1.47106  0.68289      4.721  0.429 +-  0.000  0.000      2.74     -3.63
  113   0.03717  2.63265      7.348  0.389 +-  0.000  0.000      5.55     -0.75
  114   2.56058  0.15414      2.081  0.588 +-  0.000  0.000     -0.64     -7.75
  115  -2.87207  3.08382      2.397  0.638 +-  0.000  0.000     -0.55     -7.59
  116  -3.53344  2.41896      2.291  0.359 +-  0.000  0.000      0.63     -2.37
  117   2.21527  2.53381      4.659  0.349 +-  0.000  0.000      3.05     -1.54
  118  -4.08082  5.57192      3.290  0.409 +-  0.000  0.000      1.40     -0.96
  119   0.16503  5.33073     18.472  0.259 +-  0.000  0.000     17.27     13.08
  120  -1.30875  1.98377      2.685  0.180 +-  0.000  0.000      1.86     -0.86
  121  -2.16695  4.30197      4.617  0.499 +-  0.000  0.000      2.31     -4.30
  122  -1.84496  1.53416      2.735  0.628 +-  0.000  0.000     -0.17     -9.01
  123   3.57553  5.85203      8.597  0.449 +-  0.000  0.000      6.52      2.85
  124  -6.72697  0.70763      2.450  0.000 +-  0.000  0.000      2.45      2.45
  125  -0.54169  6.08546      2.042  0.219 +-  0.000  0.000      1.03     -2.49
  126   2.26640  5.56101      4.392  0.459 +-  0.000  0.000      2.27     -3.68
  127  -1.20120  3.33707     15.576  0.559 +-  0.000  0.000     13.00      4.45
  128  -0.32590  5.04636     12.607  0.329 +-  0.000  0.000     11.09      5.78
  129  -0.17332  5.79776     12.457  0.349 +-  0.000  0.000     10.84      5.19
  130   0.39814  2.14007      6.784  0.369 +-  0.000  0.000      5.08     -0.86
  131   0.52075  3.83125      6.294  0.269 +-  0.000  0.000      5.05      0.73
  132  -0.16586  0.84826     18.745  0.409 +-  0.000  0.000     16.86     10.24
