# ../areas-test-mean-class -incl 1.0 -r 0.4 -in HIevent-RHIC-Nch900.dat -cam -discard 1.0 
#---------------------------------------------------------------------
#                     FastJet release 2.1 beta    			 
#            Written by Matteo Cacciari and Gavin Salam		 
#            http://www.lpthe.jussieu.fr/~salam/fastjet		 
#								      	 
# Longitudinally invariant Kt Jet clustering, using the fast geometric
# algorithms of hep-ph/0512210 (please cite this if you use FastJet)  
# This package makes use of the CGAL library: http://www.cgal.org/    
# This package incorporates T.Chan's closest-pair algorithm, Proc. 13th     
# ACM-SIAM Symposium on Discrete Algorithms, pp.472-473, 2002
#---------------------------------------------------------------------
# median_pt_per_area = 24.5308
# sub_a, sub_b = 55.4198 -2.05252
 ijet   rap      phi        Pt       area  +-   err   stddev  pt_corr  ptcr(a,b)
    0   2.82611  3.88556      5.674  0.279 +-  0.000  0.000     -1.18     -5.22
    1   0.19698  6.20318     48.044  0.329 +-  0.000  0.000     39.97     29.83
    2  -4.70978  2.14810      4.850  0.708 +-  0.000  0.000    -12.52     -2.15
    3   5.85959  2.69333      2.740  0.359 +-  0.000  0.000     -6.07      8.15
    4  -7.60448  1.03763      4.686  0.000 +-  0.000  0.000      4.69      4.69
    5   3.27587  2.64482     10.738  0.289 +-  0.000  0.000      3.64      1.08
    6   1.28279  0.44400     25.112  0.588 +-  0.000  0.000     10.68     -5.51
    7  -5.78964  5.18055      2.502  0.249 +-  0.000  0.000     -3.61      5.84
    8  -5.80913  0.60250      3.096  0.239 +-  0.000  0.000     -2.78      6.41
    9   4.62860  5.76060      1.298  0.349 +-  0.000  0.000     -7.26     -2.70
   10  -5.50284  1.27106      3.961  0.299 +-  0.000  0.000     -3.38      5.98
   11  -3.16547  6.27168      7.724  0.568 +-  0.000  0.000     -6.22    -12.09
   12  -6.79263  4.77140      4.694  0.000 +-  0.000  0.000      4.69      4.69
   13   4.23235  2.42480      5.223  0.239 +-  0.000  0.000     -0.65      0.76
   14  -5.12283  5.73802      5.859  0.469 +-  0.000  0.000     -5.64      5.13
   15  -2.10272  5.79920      9.073  0.259 +-  0.000  0.000      2.71     -2.94
   16   0.62240  3.46107      8.734  0.259 +-  0.000  0.000      2.37     -5.43
   17  -3.54375  3.91310      1.381  0.349 +-  0.000  0.000     -7.18     -8.97
   18  -6.44761  4.27802      3.249  0.000 +-  0.000  0.000      3.25      3.25
   19   3.30991  4.09586      6.046  0.389 +-  0.000  0.000     -3.50     -6.76
   20   0.48313  5.82052     34.481  0.239 +-  0.000  0.000     28.61     21.33
   21   7.43015  2.67154      1.008  0.000 +-  0.000  0.000      1.01      1.01
   22   3.10556  5.91250      5.275  0.399 +-  0.000  0.000     -4.51     -8.94
   23  -2.50270  5.07344      8.689  0.329 +-  0.000  0.000      0.62     -5.32
   24  -0.86712  1.91380     22.068  0.688 +-  0.000  0.000      5.19    -15.01
   25   3.73375  5.22388      7.013  0.150 +-  0.000  0.000      3.34      3.00
   26  -3.57873  2.05610      4.536  0.279 +-  0.000  0.000     -2.31     -3.60
   27   4.34883  3.67033      2.236  0.469 +-  0.000  0.000     -9.26     -5.55
   28  -1.84703  5.44531      7.095  0.199 +-  0.000  0.000      2.20     -2.56
   29  -8.40477  5.59229      1.362  0.000 +-  0.000  0.000      1.36      1.36
   30  -3.33371  4.86785      6.049  0.199 +-  0.000  0.000      1.16     -0.46
   31   4.00442  0.79238      8.143  0.359 +-  0.000  0.000     -0.66      0.06
   32  -5.36647  3.57999      1.110  0.229 +-  0.000  0.000     -4.52      1.96
   33   1.77732  6.18769     12.025  0.279 +-  0.000  0.000      5.18     -1.64
   34   1.29943  5.53811     37.976  0.598 +-  0.000  0.000     23.30      6.89
   35   5.72525  4.97583      5.925  0.489 +-  0.000  0.000     -6.06     11.72
   36  -2.29210  1.16281      7.752  0.289 +-  0.000  0.000      0.66     -5.16
   37  -6.74471  1.49839      6.600  0.000 +-  0.000  0.000      6.60      6.60
   38   1.69773  3.88374     12.525  0.469 +-  0.000  0.000      1.03    -10.68
   39  -4.20347  1.39907      4.465  0.399 +-  0.000  0.000     -5.32     -3.18
   40  -7.26165  3.60694      1.057  0.000 +-  0.000  0.000      1.06      1.06
   41  -5.52509  4.12471      9.448  0.638 +-  0.000  0.000     -6.21     14.07
   42  -2.57946  0.82193      3.347  0.229 +-  0.000  0.000     -2.28     -6.23
   43   0.66383  4.44673      8.467  0.259 +-  0.000  0.000      2.11     -5.67
   44   3.81008  1.80616      3.754  0.160 +-  0.000  0.000     -0.16     -0.33
   45  -4.85152  3.70902      6.428  0.399 +-  0.000  0.000     -3.36      3.59
   46   0.75573  5.04291     20.814  0.279 +-  0.000  0.000     13.96      5.67
   47   1.90188  4.72353      2.484  0.229 +-  0.000  0.000     -3.14     -8.53
   48  -3.57376  0.39442     14.231  0.429 +-  0.000  0.000      3.71      1.71
   49  -0.49394  0.63240     11.792  0.209 +-  0.000  0.000      6.65      0.29
   50  -7.21454  1.59263      1.181  0.000 +-  0.000  0.000      1.18      1.18
   51   0.29997  5.38464     44.638  0.389 +-  0.000  0.000     35.10     23.15
   52  -4.25389  0.56026      5.221  0.439 +-  0.000  0.000     -5.54     -2.80
   53  -1.89130  1.48324     13.481  0.279 +-  0.000  0.000      6.63      0.05
   54  -6.83643  3.95038      3.445  0.000 +-  0.000  0.000      3.45      3.45
   55  -2.01309  3.00176      5.546  0.309 +-  0.000  0.000     -2.04     -9.02
   56   4.21930  5.42855      4.068  0.269 +-  0.000  0.000     -2.54     -1.02
   57  -0.25737  4.86111     44.399  0.549 +-  0.000  0.000     30.94     14.07
   58   4.45268  4.44700      5.943  0.289 +-  0.000  0.000     -1.15      1.68
   59  -3.74518  3.30831     13.192  0.419 +-  0.000  0.000      2.92      2.04
   60   1.15938  2.54521     10.368  0.160 +-  0.000  0.000      6.45      1.96
   61  -1.73048  1.06976     14.117  0.309 +-  0.000  0.000      6.53     -1.12
   62  -1.38698  1.91751     11.365  0.140 +-  0.000  0.000      7.94      4.18
   63  -3.25015  3.09059      6.280  0.259 +-  0.000  0.000     -0.08     -2.47
   64   3.16013  2.06796      3.901  0.249 +-  0.000  0.000     -2.22     -4.81
   65  -7.84793  0.20450      1.865  0.000 +-  0.000  0.000      1.86      1.86
   66   5.45977  1.20823      2.647  0.239 +-  0.000  0.000     -3.22      4.03
   67  -1.83906  6.11497      5.446  0.170 +-  0.000  0.000      1.29     -2.77
   68   4.22670  1.46701      7.403  0.608 +-  0.000  0.000     -7.52     -4.00
   69  -9.09075  5.47864      2.978  0.000 +-  0.000  0.000      2.98      2.98
   70  -1.47204  4.79797      7.162  0.269 +-  0.000  0.000      0.56     -6.56
   71  -2.87691  1.30315      6.276  0.489 +-  0.000  0.000     -5.71    -12.51
   72   5.05585  1.48743      3.949  0.419 +-  0.000  0.000     -6.33      2.71
   73  -2.79832  5.65503      9.917  0.459 +-  0.000  0.000     -1.34     -8.13
   74  -1.35114  2.45923     22.800  0.429 +-  0.000  0.000     12.28      0.64
   75   1.07294  3.87513     26.510  0.339 +-  0.000  0.000     18.19      8.52
   76  -5.64024  4.55733      4.815  0.369 +-  0.000  0.000     -4.24      8.46
   77   4.67320  2.18196      5.974  0.209 +-  0.000  0.000      0.84      3.76
   78  -3.03685  3.96592     12.819  0.269 +-  0.000  0.000      6.21      2.99
   79  -3.89604  4.12879      2.892  0.120 +-  0.000  0.000     -0.04     -0.01
   80   1.79499  1.87224     17.733  0.259 +-  0.000  0.000     11.37      5.08
   81  -0.58509  5.34925     24.345  0.369 +-  0.000  0.000     15.29      4.15
   82  -2.69933  3.19224     10.077  0.459 +-  0.000  0.000     -1.18     -8.49
   83   4.41245  5.07050      3.549  0.309 +-  0.000  0.000     -4.04     -1.23
   84   3.17144  5.30150      1.621  0.110 +-  0.000  0.000     -1.07     -2.19
   85   3.83777  3.39035     12.308  0.568 +-  0.000  0.000     -1.64     -2.01
   86   5.21795  0.86180      5.300  0.309 +-  0.000  0.000     -2.28      5.44
   87  -6.23048  6.18353      3.543  0.020 +-  0.000  0.000      3.05      4.03
   88   2.59858  5.51868     11.463  0.638 +-  0.000  0.000     -4.19    -15.06
   89  -3.41714  4.35179      3.534  0.429 +-  0.000  0.000     -6.99     -9.95
   90  -2.53334  4.12327      1.070  0.189 +-  0.000  0.000     -3.58     -6.94
   91   0.43694  1.65696     17.570  0.439 +-  0.000  0.000      6.81     -6.58
   92   3.14884  0.45640      8.105  0.439 +-  0.000  0.000     -2.66     -7.28
   93  -1.60776  0.35716     14.943  0.309 +-  0.000  0.000      7.36     -0.55
   94   1.31082  4.30895      6.683  0.209 +-  0.000  0.000      1.55     -4.19
   95   7.50861  3.22146      2.042  0.000 +-  0.000  0.000      2.04      2.04
   96  -8.71082  3.24112      3.565  0.000 +-  0.000  0.000      3.57      3.57
   97   5.78277  1.51356      4.226  0.329 +-  0.000  0.000     -3.85      8.58
   98   3.37281  1.39364      3.364  0.409 +-  0.000  0.000     -6.67     -9.75
   99  -1.21960  6.09177     28.155  0.379 +-  0.000  0.000     18.86      8.31
  100   0.09626  3.30781     34.650  0.379 +-  0.000  0.000     25.35     13.65
  101  -1.53067  3.18399     15.014  0.299 +-  0.000  0.000      7.67     -0.13
  102  -2.09891  0.59874      2.223  0.229 +-  0.000  0.000     -3.40     -8.42
  103   1.03474  6.21320     31.270  0.449 +-  0.000  0.000     20.26      7.38
  104   1.40556  1.41195      4.004  0.130 +-  0.000  0.000      0.82     -2.66
  105   9.43169  5.31550      1.717  0.000 +-  0.000  0.000      1.72      1.72
  106   3.02929  1.14915      7.506  0.269 +-  0.000  0.000      0.90     -2.35
  107  -0.13087  1.51334     33.271  0.269 +-  0.000  0.000     26.67     18.36
  108   7.48972  6.16531      1.833  0.000 +-  0.000  0.000      1.83      1.83
  109  -1.30353  1.50385      8.125  0.209 +-  0.000  0.000      2.99     -2.75
  110   5.90487  3.52952      2.499  0.189 +-  0.000  0.000     -2.15      5.56
  111  -9.96299  3.38684      1.186  0.000 +-  0.000  0.000      1.19      1.19
  112   4.21382  2.87238     15.334  0.419 +-  0.000  0.000      5.06      7.39
  113  -5.23684  2.20893      1.826  0.269 +-  0.000  0.000     -4.78      2.06
  114  -2.18006  1.84484      8.580  0.389 +-  0.000  0.000     -0.96     -9.18
  115   3.58552  5.84695     10.167  0.319 +-  0.000  0.000      2.34      0.90
  116  -4.84150  0.25193      1.079  0.309 +-  0.000  0.000     -6.50     -1.18
  117  -6.71882  0.76103      5.254  0.000 +-  0.000  0.000      5.25      5.25
  118  -1.57044  3.89455     10.220  0.389 +-  0.000  0.000      0.68     -9.37
  119  -2.56438  0.13630      8.178  0.389 +-  0.000  0.000     -1.36     -8.13
  120  -4.14369  4.82645     15.148  0.359 +-  0.000  0.000      6.34      7.90
  121  -7.15161  0.33128      2.215  0.000 +-  0.000  0.000      2.22      2.22
  122   2.08827  0.74484      9.267  0.389 +-  0.000  0.000     -0.27     -8.81
  123  -1.69163  4.45100      4.844  0.100 +-  0.000  0.000      2.40     -0.10
  124   2.32617  4.91441     11.248  0.309 +-  0.000  0.000      3.66     -2.45
  125  -0.42317  2.33943     47.712  0.529 +-  0.000  0.000     34.74     18.61
  126   7.45458  0.42744      1.042  0.000 +-  0.000  0.000      1.04      1.04
  127  -4.93457  0.78203      1.666  0.708 +-  0.000  0.000    -15.70     -2.19
  128   0.73040  2.23909     20.917  0.449 +-  0.000  0.000      9.91     -3.46
  129  -6.33783  0.36484      2.691  0.000 +-  0.000  0.000      2.69      2.69
  130   1.61434  0.97788     17.246  0.359 +-  0.000  0.000      8.44     -0.73
  131   2.74093  4.64645     12.635  0.509 +-  0.000  0.000      0.16     -7.71
  132  -7.72509  1.59004      1.436  0.000 +-  0.000  0.000      1.44      1.44
  133   3.01393  3.23910     18.474  0.379 +-  0.000  0.000      9.18      4.54
  134  -6.60872  2.88870      1.235  0.000 +-  0.000  0.000      1.24      1.24
  135  -4.03145  2.18069      7.789  0.239 +-  0.000  0.000      1.92      2.51
  136  -8.26593  3.49335      1.061  0.000 +-  0.000  0.000      1.06      1.06
  137  -6.38355  3.49513      3.890  0.000 +-  0.000  0.000      3.89      3.89
  138   2.85678  1.55489      7.392  0.289 +-  0.000  0.000      0.30     -3.79
  139  -7.72481  2.95698      1.551  0.000 +-  0.000  0.000      1.55      1.55
  140   7.08754  6.28110      1.090  0.000 +-  0.000  0.000      1.09      1.09
  141  -2.96886  3.49273      1.471  0.209 +-  0.000  0.000     -3.67     -6.35
  142   4.93991  4.36588     13.039  0.369 +-  0.000  0.000      3.99     11.07
  143  -2.92989  0.54448      5.369  0.239 +-  0.000  0.000     -0.50     -3.68
  144   7.01700  2.21465      5.968  0.000 +-  0.000  0.000      5.97      5.97
  145   3.75229  2.27491      8.355  0.459 +-  0.000  0.000     -2.90     -3.81
  146   2.70024  2.44943      3.153  0.189 +-  0.000  0.000     -1.50     -4.51
  147   3.49647  4.73238      6.255  0.549 +-  0.000  0.000     -7.20    -10.38
  148  -0.65935  5.87916     33.358  0.399 +-  0.000  0.000     23.57     11.60
  149   0.21335  2.14902     17.487  0.299 +-  0.000  0.000     10.15      0.93
  150   1.20257  3.19899     24.813  0.568 +-  0.000  0.000     10.87     -5.00
  151   3.59336  0.53622      5.765  0.239 +-  0.000  0.000     -0.11     -1.16
  152   6.33937  0.30443      4.646  0.259 +-  0.000  0.000     -1.71     11.66
  153   2.41948  1.07210      9.277  0.279 +-  0.000  0.000      2.43     -2.84
  154  -1.19220  0.45314     13.441  0.249 +-  0.000  0.000      7.32      0.35
  155  -2.15703  0.14505      2.851  0.180 +-  0.000  0.000     -1.55     -5.38
  156  -5.93753  2.69016      2.851  0.160 +-  0.000  0.000     -1.06      5.55
  157   1.80387  4.30473     10.014  0.140 +-  0.000  0.000      6.59      3.21
  158  -0.47820  3.31851     23.301  0.409 +-  0.000  0.000     13.27      0.83
  159   3.61816  1.03961      5.464  0.189 +-  0.000  0.000      0.82      0.05
  160  -2.21403  3.84505     16.757  0.459 +-  0.000  0.000      5.50     -4.05
  161   4.08617  4.07472      5.912  0.219 +-  0.000  0.000      0.53      1.27
  162  -2.31689  4.52424      7.207  0.638 +-  0.000  0.000     -8.45    -21.13
  163  -6.53144  5.48498      1.022  0.000 +-  0.000  0.000      1.02      1.02
  164   4.20424  5.86709      2.619  0.329 +-  0.000  0.000     -5.45     -3.68
  165   2.40811  0.08344      8.312  0.489 +-  0.000  0.000     -3.68    -12.95
  166  -0.97818  4.91482     21.642  0.359 +-  0.000  0.000     12.83      2.45
  167  -1.18237  3.39461     28.810  0.389 +-  0.000  0.000     19.27      8.37
  168  -1.90332  4.99570      4.256  0.259 +-  0.000  0.000     -2.10     -8.19
  169   8.28575  1.60810      4.357  0.000 +-  0.000  0.000      4.36      4.36
  170  -3.60678  2.64050      6.253  0.359 +-  0.000  0.000     -2.55     -4.06
  171   5.48469  3.19208      5.925  0.578 +-  0.000  0.000     -8.27      9.58
  172   6.31812  4.78627      1.077  0.000 +-  0.000  0.000      1.08      1.08
  173   7.22188  5.81583      1.027  0.000 +-  0.000  0.000      1.03      1.03
  174  -4.34007  4.15765      1.018  0.309 +-  0.000  0.000     -6.57     -4.16
  175  -8.79277  4.01656      1.018  0.000 +-  0.000  0.000      1.02      1.02
  176  -6.34123  1.22940      1.910  0.000 +-  0.000  0.000      1.91      1.91
  177   2.08766  2.94148      1.771  0.189 +-  0.000  0.000     -2.88     -7.04
  178   1.54746  4.99370      9.832  0.349 +-  0.000  0.000      1.27     -7.80
  179   5.00940  3.54583      4.644  0.499 +-  0.000  0.000     -7.59      2.69
  180   7.68260  2.28284      6.342  0.000 +-  0.000  0.000      6.34      6.34
  181   0.38492  2.83528     20.364  0.329 +-  0.000  0.000     12.29      2.22
  182  -6.65320  2.10785      8.911  0.000 +-  0.000  0.000      8.91      8.91
  183  -5.64055  2.40324      1.086  0.199 +-  0.000  0.000     -3.81      3.06
  184   1.89799  5.55306     19.818  0.439 +-  0.000  0.000      9.05     -1.26
  185   5.64693  5.83102      4.680  0.588 +-  0.000  0.000     -9.75     10.58
  186   4.93389  6.16181      4.376  0.289 +-  0.000  0.000     -2.72      2.80
  187  -1.12981  0.90981     13.222  0.309 +-  0.000  0.000      5.64     -3.10
  188   0.83963  0.94564     24.664  0.389 +-  0.000  0.000     15.12      3.67
  189   6.98496  1.70679      2.942  0.000 +-  0.000  0.000      2.94      2.94
  190   8.35107  5.76997      1.051  0.000 +-  0.000  0.000      1.05      1.05
  191  -0.07480  2.70797     21.217  0.259 +-  0.000  0.000     14.86      6.85
  192  -6.36041  4.96218      1.526  0.000 +-  0.000  0.000      1.53      1.53
  193  -0.52774  1.39448      3.528  0.120 +-  0.000  0.000      0.59     -3.04
  194  -3.78570  0.92243      4.876  0.309 +-  0.000  0.000     -2.71     -3.16
  195  -4.39999  6.00683     17.719  0.588 +-  0.000  0.000      3.28      8.49
  196   5.84698  1.98381      3.795  0.259 +-  0.000  0.000     -2.57      7.62
  197   1.14188  4.69567     18.264  0.339 +-  0.000  0.000      9.95      0.38
  198  -1.36953  5.49443     25.111  0.499 +-  0.000  0.000     12.88     -0.60
  199  -4.08029  5.44829     12.260  0.459 +-  0.000  0.000      1.01      2.51
  200   4.06432  0.22345      8.205  0.249 +-  0.000  0.000      2.09      2.84
  201  -0.14628  5.72987     31.437  0.289 +-  0.000  0.000     24.34     15.42
  202   7.35045  4.01027      1.107  0.000 +-  0.000  0.000      1.11      1.11
  203  -0.33044  0.17801     20.205  0.309 +-  0.000  0.000     12.62      3.14
  204  -4.78747  4.10558      3.079  0.299 +-  0.000  0.000     -4.26      0.57
  205  -3.68837  5.07069      2.292  0.209 +-  0.000  0.000     -2.85     -3.47
  206   0.17416  4.27922     29.836  0.429 +-  0.000  0.000     19.32      6.10
  207  -1.15064  4.33166     17.995  0.359 +-  0.000  0.000      9.19     -0.93
  208   5.38398  5.36378      5.914  0.269 +-  0.000  0.000     -0.69      7.01
  209   6.16437  5.36889      1.738  0.050 +-  0.000  0.000      0.52      2.86
  210   7.11326  1.10151      1.098  0.000 +-  0.000  0.000      1.10      1.10
  211   3.70620  0.02041      3.014  0.150 +-  0.000  0.000     -0.66     -1.06
  212  -4.39130  3.54516      4.401  0.259 +-  0.000  0.000     -1.96      0.29
  213  -5.29914  5.31863      1.108  0.150 +-  0.000  0.000     -2.56      1.44
  214  -3.14139  5.23890     12.522  0.389 +-  0.000  0.000      2.98     -1.16
  215  -4.27423  2.57636      7.953  0.309 +-  0.000  0.000      0.37      2.41
  216  -5.11693  1.65598      4.214  0.279 +-  0.000  0.000     -2.64      3.75
  217   2.27464  4.19587      1.162  0.199 +-  0.000  0.000     -3.73     -7.77
  218  -0.94978  0.11908     22.506  0.239 +-  0.000  0.000     16.63      9.68
  219  -0.86888  3.82766     14.291  0.389 +-  0.000  0.000      4.75     -6.66
  220   2.68838  1.95034      5.144  0.170 +-  0.000  0.000      0.99     -1.74
  221  -3.59648  5.67258     12.985  0.429 +-  0.000  0.000      2.46      0.60
  222  -2.58713  2.50547     10.851  0.598 +-  0.000  0.000     -3.83    -14.09
  223   2.21301  1.61806      6.698  0.379 +-  0.000  0.000     -2.60    -10.50
  224  -5.61726  3.05144      3.761  0.509 +-  0.000  0.000     -8.72      8.51
  225  -4.57639  3.00894      1.067  0.249 +-  0.000  0.000     -5.05     -2.03
  226  -3.16499  2.21106      4.362  0.269 +-  0.000  0.000     -2.24     -5.02
  227   0.74740  3.07133      8.183  0.060 +-  0.000  0.000      6.71      4.93
  228  -6.02680  1.88858      2.812  0.259 +-  0.000  0.000     -3.55      7.77
  229  -8.43940  2.71238      4.403  0.000 +-  0.000  0.000      4.40      4.40
  230  -4.64090  4.79391      5.637  0.299 +-  0.000  0.000     -1.70      2.28
  231   9.98544  0.39045      1.402  0.000 +-  0.000  0.000      1.40      1.40
  232  -0.87953  2.72441     19.595  0.249 +-  0.000  0.000     13.48      6.17
  233   4.57276  0.87776      4.257  0.459 +-  0.000  0.000     -7.00     -1.48
  234   0.61844  0.39430     25.657  0.239 +-  0.000  0.000     19.79     12.58
  235  -3.66760  1.46636      5.138  0.299 +-  0.000  0.000     -2.20     -3.18
  236   0.01022  0.43129     10.034  0.219 +-  0.000  0.000      4.65     -2.13
  237  -5.08270  2.68271      4.792  0.279 +-  0.000  0.000     -2.06      4.12
  238  -7.48070  5.58120      1.311  0.000 +-  0.000  0.000      1.31      1.31
  239   2.23695  3.70395      8.417  0.419 +-  0.000  0.000     -1.86    -10.50
  240   4.77625  2.89014      5.156  0.389 +-  0.000  0.000     -4.39      1.81
  241  -5.60210  6.11092      5.782  0.568 +-  0.000  0.000     -8.16     10.90
  242   0.20193  0.95666     17.189  0.379 +-  0.000  0.000      7.89     -3.78
  243   3.95940  4.62258     17.955  0.409 +-  0.000  0.000      7.92      8.45
  244  -2.74247  1.79521      5.723  0.289 +-  0.000  0.000     -1.37     -5.84
  245  -1.92345  2.37751     16.207  0.429 +-  0.000  0.000      5.69     -4.30
  246   1.61603  2.72026     12.614  0.389 +-  0.000  0.000      3.07     -6.86
  247   5.43094  1.82928      1.755  0.160 +-  0.000  0.000     -2.16      2.57
  248   2.16012  2.37063     16.245  0.638 +-  0.000  0.000      0.59    -13.02
  249  -0.20343  3.80160     28.413  0.199 +-  0.000  0.000     23.52     17.38
  250   2.52067  3.28723      4.081  0.269 +-  0.000  0.000     -2.52     -7.33
  251   9.69465  3.26862      1.916  0.000 +-  0.000  0.000      1.92      1.92
  252   1.31064  2.05376     18.760  0.349 +-  0.000  0.000     10.20      0.65
  253  -0.37411  4.27829     27.524  0.219 +-  0.000  0.000     22.14     15.43
  254   0.97004  1.65842     17.546  0.239 +-  0.000  0.000     11.67      4.74
  255   0.44531  3.84924     21.864  0.259 +-  0.000  0.000     15.50      7.60
  256  -0.24209  0.96077     26.764  0.339 +-  0.000  0.000     18.45      8.01
