# ../areas-test-mean-class -incl 1.0 -r 0.4 -in HIevent-LHC-Nch1600.dat -cam -discard 1.0 
#---------------------------------------------------------------------
#                     FastJet release 2.1 beta    			 
#            Written by Matteo Cacciari and Gavin Salam		 
#            http://www.lpthe.jussieu.fr/~salam/fastjet		 
#								      	 
# Longitudinally invariant Kt Jet clustering, using the fast geometric
# algorithms of hep-ph/0512210 (please cite this if you use FastJet)  
# This package makes use of the CGAL library: http://www.cgal.org/    
# This package incorporates T.Chan's closest-pair algorithm, Proc. 13th     
# ACM-SIAM Symposium on Discrete Algorithms, pp.472-473, 2002
#---------------------------------------------------------------------
# median_pt_per_area = 68.7289
# sub_a, sub_b = 90.1125 -1.94343
 ijet   rap      phi        Pt       area  +-   err   stddev  pt_corr  ptcr(a,b)
    0 -13.37489  0.45865      1.522  0.000 +-  0.000  0.000      1.52      1.52
    1   8.23750  4.28080      3.200  0.000 +-  0.000  0.000      3.20      3.20
    2   7.70692  5.26870     17.034  0.000 +-  0.000  0.000     17.03     17.03
    3   4.38226  3.16734     40.431  0.608 +-  0.000  0.000     -1.38      8.31
    4  -4.41943  0.43843      5.321  0.110 +-  0.000  0.000     -2.22     -0.40
    5  -3.15159  4.81995      7.911  0.239 +-  0.000  0.000     -8.54     -9.04
    6  11.62328  2.34932      1.269  0.000 +-  0.000  0.000      1.27      1.27
    7  -8.65137  6.15024      3.483  0.000 +-  0.000  0.000      3.48      3.48
    8   9.87567  0.08238      4.886  0.000 +-  0.000  0.000      4.89      4.89
    9   7.51916  1.00622     16.998  0.000 +-  0.000  0.000     17.00     17.00
   10  -3.46804  3.98590      8.066  0.110 +-  0.000  0.000      0.53      0.74
   11   9.58950  5.22140      4.944  0.000 +-  0.000  0.000      4.94      4.94
   12  -7.38768  0.19452      4.922  0.000 +-  0.000  0.000      4.92      4.92
   13  -5.68195  4.06487     19.731  0.469 +-  0.000  0.000    -12.49      6.90
   14  -1.21413  2.05336     23.235  0.379 +-  0.000  0.000     -2.81     -9.83
   15  -2.71636  2.72556     17.303  0.229 +-  0.000  0.000      1.54     -0.08
   16  -0.82706  4.17025     27.469  0.339 +-  0.000  0.000      4.16     -2.64
   17  -3.37116  2.59230     10.624  0.289 +-  0.000  0.000     -9.25     -9.05
   18   8.03560  2.31083      3.166  0.000 +-  0.000  0.000      3.17      3.17
   19  -8.40503  3.61127      1.009  0.000 +-  0.000  0.000      1.01      1.01
   20  -5.17652  4.92661      6.099  0.249 +-  0.000  0.000    -11.04     -3.38
   21  -2.15951  3.06727     29.018  0.299 +-  0.000  0.000      8.45      4.77
   22   2.96014  5.54085     12.996  0.180 +-  0.000  0.000      0.66     -0.12
   23   0.77547  5.12437     26.116  0.299 +-  0.000  0.000      5.55     -0.50
   24  -4.99987  2.07757     25.976  0.638 +-  0.000  0.000    -17.89     -0.53
   25  -7.80507  2.10926      6.596  0.000 +-  0.000  0.000      6.60      6.60
   26  -8.29478  4.06482      4.638  0.000 +-  0.000  0.000      4.64      4.64
   27   3.90929  4.43252     12.899  0.379 +-  0.000  0.000    -13.15    -10.00
   28  -5.90197  4.88728     27.131  0.339 +-  0.000  0.000      3.83     19.53
   29  -5.78596  6.03831      5.767  0.259 +-  0.000  0.000    -12.05     -0.73
   30  -3.09759  3.15007      8.303  0.120 +-  0.000  0.000      0.08     -0.25
   31  -7.22295  1.65314     19.257  0.000 +-  0.000  0.000     19.26     19.26
   32   1.11598  5.65620     41.808  0.539 +-  0.000  0.000      4.79     -5.42
   33 -13.27231  5.85065      1.139  0.000 +-  0.000  0.000      1.14      1.14
   34   0.60300  0.16161      9.677  0.229 +-  0.000  0.000     -6.09    -10.83
   35  -1.58756  0.16111     20.508  0.369 +-  0.000  0.000     -4.85    -10.94
   36  -5.97027  0.38096      7.411  0.130 +-  0.000  0.000     -1.50      4.71
   37  -2.90756  3.78751     24.998  0.529 +-  0.000  0.000    -11.33    -13.95
   38   9.33987  1.39182      3.822  0.000 +-  0.000  0.000      3.82      3.82
   39   7.67386  3.95441      4.048  0.000 +-  0.000  0.000      4.05      4.05
   40  10.22119  6.13866      2.258  0.000 +-  0.000  0.000      2.26      2.26
   41  -5.87265  2.15098      7.819  0.359 +-  0.000  0.000    -16.86     -0.47
   42 -11.96873  3.60562      1.187  0.000 +-  0.000  0.000      1.19      1.19
   43   3.20602  0.13135     15.193  0.199 +-  0.000  0.000      1.48      1.20
   44   5.53281  6.17337      8.070  0.140 +-  0.000  0.000     -1.53      3.79
   45   5.10839  1.62038      6.237  0.219 +-  0.000  0.000     -8.84     -2.41
   46  -5.24990  4.29640      1.179  0.110 +-  0.000  0.000     -6.36     -2.83
   47  13.66551  4.45191      1.070  0.000 +-  0.000  0.000      1.07      1.07
   48  -2.30484  2.37087     26.291  0.229 +-  0.000  0.000     10.53      7.99
   49   6.77954  1.19781      9.800  0.000 +-  0.000  0.000      9.80      9.80
   50   5.54455  5.17369     11.731  0.429 +-  0.000  0.000    -17.74     -1.29
   51   9.83169  0.91408      1.382  0.000 +-  0.000  0.000      1.38      1.38
   52  -5.50021  4.66739      2.479  0.180 +-  0.000  0.000     -9.86     -3.14
   53  -2.63396  3.20782     27.861  0.309 +-  0.000  0.000      6.61      4.17
   54  -9.24133  1.46291      1.557  0.000 +-  0.000  0.000      1.56      1.56
   55   2.95150  0.57583     21.033  0.289 +-  0.000  0.000      1.16     -0.13
   56   9.07075  2.96143      1.137  0.000 +-  0.000  0.000      1.14      1.14
   57   1.75513  0.77641     27.507  0.389 +-  0.000  0.000      0.77     -5.21
   58 -11.06120  0.08930      4.201  0.000 +-  0.000  0.000      4.20      4.20
   59   1.33469  3.78869     20.489  0.339 +-  0.000  0.000     -2.82     -8.89
   60   2.22151  0.52785     30.330  0.389 +-  0.000  0.000      3.60     -0.99
   61  14.45930  2.91960      1.009  0.000 +-  0.000  0.000      1.01      1.01
   62   9.32969  4.43431      1.099  0.000 +-  0.000  0.000      1.10      1.10
   63  -7.48876  3.10160      9.719  0.000 +-  0.000  0.000      9.72      9.72
   64   9.07213  4.84666      1.274  0.000 +-  0.000  0.000      1.27      1.27
   65   3.43769  4.09226     13.238  0.229 +-  0.000  0.000     -2.53     -2.16
   66  -1.66477  3.70596     27.777  0.409 +-  0.000  0.000     -0.33     -6.87
   67  10.30166  2.79714      2.747  0.000 +-  0.000  0.000      2.75      2.75
   68  13.78691  0.53763      1.136  0.000 +-  0.000  0.000      1.14      1.14
   69   6.15386  1.26575     14.589  0.219 +-  0.000  0.000     -0.49     10.97
   70  -0.27469  1.71136     37.622  0.319 +-  0.000  0.000     15.69      8.91
   71   2.39452  2.49881     29.410  0.229 +-  0.000  0.000     13.64     11.30
   72   9.92021  4.36898      1.464  0.000 +-  0.000  0.000      1.46      1.46
   73   5.37191  0.88227     28.395  0.588 +-  0.000  0.000    -12.05      8.37
   74   5.29159  4.67141     14.709  0.269 +-  0.000  0.000     -3.80      5.10
   75   3.81810  0.20658     43.766  0.628 +-  0.000  0.000      0.58      4.95
   76 -10.18879  2.49854      4.709  0.000 +-  0.000  0.000      4.71      4.71
   77  -5.67723  2.98742      6.199  0.140 +-  0.000  0.000     -3.40      2.36
   78   2.87296  3.16891     18.977  0.289 +-  0.000  0.000     -0.90     -2.45
   79   1.10357  0.91078     47.447  0.409 +-  0.000  0.000     19.34     11.57
   80 -10.96129  4.32440      4.403  0.000 +-  0.000  0.000      4.40      4.40
   81  -5.40892  1.77122      5.498  0.130 +-  0.000  0.000     -3.41      1.19
   82  11.61789  5.41372      1.634  0.000 +-  0.000  0.000      1.63      1.63
   83  11.49948  3.39332      1.284  0.000 +-  0.000  0.000      1.28      1.28
   84 -15.76039  4.66157      1.239  0.000 +-  0.000  0.000      1.24      1.24
   85  15.78154  4.19764      1.899  0.000 +-  0.000  0.000      1.90      1.90
   86   8.22189  0.99777      4.989  0.000 +-  0.000  0.000      4.99      4.99
   87   3.99295  5.08146     26.268  0.539 +-  0.000  0.000    -10.75     -5.58
   88  11.59707  1.76997      2.223  0.000 +-  0.000  0.000      2.22      2.22
   89   3.89790  5.81661     18.507  0.269 +-  0.000  0.000      0.00      2.19
   90   0.88495  4.25360     51.086  0.479 +-  0.000  0.000     18.18      8.68
   91   4.74400  0.71327     16.876  0.309 +-  0.000  0.000     -4.37      2.54
   92   3.46277  4.52539     25.307  0.439 +-  0.000  0.000     -4.85     -4.01
   93   7.08056  4.36539     35.654  0.000 +-  0.000  0.000     35.65     35.65
   94 -12.86756  2.50129      1.467  0.000 +-  0.000  0.000      1.47      1.47
   95   8.82501  0.90755      5.834  0.000 +-  0.000  0.000      5.83      5.83
   96   7.32087  3.09611      4.568  0.000 +-  0.000  0.000      4.57      4.57
   97  12.37080  3.00321      2.330  0.000 +-  0.000  0.000      2.33      2.33
   98  -8.89782  3.18128      2.065  0.000 +-  0.000  0.000      2.06      2.06
   99  -5.33882  1.27334     14.311  0.379 +-  0.000  0.000    -11.74      1.15
  100  -9.72141  3.36616      3.057  0.000 +-  0.000  0.000      3.06      3.06
  101  13.98657  4.00426      1.246  0.000 +-  0.000  0.000      1.25      1.25
  102  -4.75146  5.85044     16.511  0.170 +-  0.000  0.000      4.86      8.67
  103 -13.77934  4.00539      1.137  0.000 +-  0.000  0.000      1.14      1.14
  104  -4.78735  0.03880     31.552  0.539 +-  0.000  0.000     -5.46      7.01
  105  -4.03541  6.19220     19.661  0.239 +-  0.000  0.000      3.21      5.67
  106  15.63915  5.92301      1.526  0.000 +-  0.000  0.000      1.53      1.53
  107  -5.56917  0.24454      7.702  0.319 +-  0.000  0.000    -14.23     -1.82
  108   5.62259  1.64494      8.217  0.199 +-  0.000  0.000     -5.49      2.50
  109   3.30466  5.04978     15.178  0.239 +-  0.000  0.000     -1.27     -1.31
  110   0.17656  0.56694     20.892  0.379 +-  0.000  0.000     -5.16    -13.24
  111  -6.07585  2.62076     20.821  0.170 +-  0.000  0.000      9.17     17.71
  112  -4.26069  5.83260     28.748  0.309 +-  0.000  0.000      7.50     11.80
  113  -9.20963  0.87426      6.254  0.000 +-  0.000  0.000      6.25      6.25
  114   3.28219  3.49346     19.252  0.289 +-  0.000  0.000     -0.63     -0.76
  115   7.23732  1.42362      5.301  0.000 +-  0.000  0.000      5.30      5.30
  116   7.22369  4.91769      2.707  0.000 +-  0.000  0.000      2.71      2.71
  117  -1.84832  6.05984     16.004  0.239 +-  0.000  0.000     -0.45     -3.98
  118 -11.71230  4.61598      1.213  0.000 +-  0.000  0.000      1.21      1.21
  119 -13.36846  2.13760      1.555  0.000 +-  0.000  0.000      1.56      1.56
  120   3.34539  1.92971     11.009  0.349 +-  0.000  0.000    -12.98    -12.85
  121  -3.61466  0.19168     17.572  0.289 +-  0.000  0.000     -2.31     -1.15
  122   2.80279  2.69156     17.491  0.219 +-  0.000  0.000      2.41      1.07
  123  -7.54320  0.76751     11.783  0.000 +-  0.000  0.000     11.78     11.78
  124  -2.11771  4.16927     45.884  0.419 +-  0.000  0.000     17.09     11.79
  125  -3.37964  5.30015     17.288  0.329 +-  0.000  0.000     -5.33     -5.06
  126  -5.25909  3.37498     14.919  0.399 +-  0.000  0.000    -12.50      0.41
  127  10.85885  0.05309      5.620  0.000 +-  0.000  0.000      5.62      5.62
  128   8.79065  1.93625      2.149  0.000 +-  0.000  0.000      2.15      2.15
  129 -12.47846  3.46224      1.763  0.000 +-  0.000  0.000      1.76      1.76
  130   4.64742  4.60238     15.277  0.259 +-  0.000  0.000     -2.54      2.79
  131  -0.16404  2.62908     22.205  0.309 +-  0.000  0.000      0.96     -5.64
  132  -7.36533  2.11008      5.018  0.000 +-  0.000  0.000      5.02      5.02
  133   5.16812  2.56178      3.621  0.100 +-  0.000  0.000     -3.23     -0.19
  134   0.30586  5.06237      9.782  0.090 +-  0.000  0.000      3.61      1.71
  135   1.70439  1.27795     23.293  0.319 +-  0.000  0.000      1.36     -3.66
  136  -7.09405  4.18889      2.997  0.000 +-  0.000  0.000      3.00      3.00
  137  12.86092  3.78833      2.300  0.000 +-  0.000  0.000      2.30      2.30
  138  -0.43827  5.44107     34.355  0.469 +-  0.000  0.000      2.14     -7.71
  139   1.18732  5.02018     23.100  0.259 +-  0.000  0.000      5.28      0.44
  140  -6.34899  5.34305      2.922  0.000 +-  0.000  0.000      2.92      2.92
  141  -4.49983  2.16034      8.773  0.170 +-  0.000  0.000     -2.88      0.17
  142  11.36935  5.78074      1.261  0.000 +-  0.000  0.000      1.26      1.26
  143  -5.22653  6.04210      7.617  0.110 +-  0.000  0.000      0.08      3.55
  144 -11.68901  1.72191      1.057  0.000 +-  0.000  0.000      1.06      1.06
  145   4.20675  0.73102     26.507  0.339 +-  0.000  0.000      3.20      7.61
  146  -3.42567  4.39044      8.940  0.239 +-  0.000  0.000     -7.51     -7.17
  147   8.28563  0.18020      1.364  0.000 +-  0.000  0.000      1.36      1.36
  148 -10.07587  4.77979      1.183  0.000 +-  0.000  0.000      1.18      1.18
  149  -1.70524  2.57793     31.281  0.409 +-  0.000  0.000      3.18     -3.26
  150  -2.86261  4.46035     33.068  0.429 +-  0.000  0.000      3.59      1.25
  151   4.91473  5.14863     47.693  0.519 +-  0.000  0.000     12.05     25.30
  152  -6.49928  4.92923      8.065  0.000 +-  0.000  0.000      8.06      8.06
  153 -11.57345  2.91864      1.325  0.000 +-  0.000  0.000      1.33      1.33
  154  -0.21514  4.80831     28.376  0.429 +-  0.000  0.000     -1.10    -10.23
  155  15.37437  0.88412      1.411  0.000 +-  0.000  0.000      1.41      1.41
  156  -4.00259  0.51913     13.249  0.299 +-  0.000  0.000     -7.32     -4.40
  157   6.43917  0.41808      2.587  0.000 +-  0.000  0.000      2.59      2.59
  158  -4.02835  5.19402      6.927  0.259 +-  0.000  0.000    -10.89     -8.26
  159  -3.88930  1.42456     16.531  0.349 +-  0.000  0.000     -7.46     -4.66
  160  -3.26433  1.14173     19.895  0.239 +-  0.000  0.000      3.44      3.28
  161 -12.27327  2.51380      3.526  0.000 +-  0.000  0.000      3.53      3.53
  162   1.55800  3.17684     16.309  0.339 +-  0.000  0.000     -7.00    -12.65
  163  -6.52574  0.42324      7.674  0.000 +-  0.000  0.000      7.67      7.67
  164  -6.04426  3.21558      8.025  0.160 +-  0.000  0.000     -2.94      4.98
  165   2.84408  1.49831      4.303  0.239 +-  0.000  0.000    -12.15    -13.50
  166   7.58393  5.90126     11.760  0.000 +-  0.000  0.000     11.76     11.76
  167  -8.30472  4.59096      8.413  0.000 +-  0.000  0.000      8.41      8.41
  168  -5.33673  2.73343     28.452  0.399 +-  0.000  0.000      1.03     14.58
  169  10.47838  1.96834      3.175  0.000 +-  0.000  0.000      3.17      3.17
  170   9.96627  4.82415      5.274  0.000 +-  0.000  0.000      5.27      5.27
  171   1.36989  2.11823     45.543  0.489 +-  0.000  0.000     11.96      3.29
  172 -10.65246  2.08794      1.334  0.000 +-  0.000  0.000      1.33      1.33
  173  -9.41025  2.72229      1.231  0.000 +-  0.000  0.000      1.23      1.23
  174  -7.50473  5.75644      8.693  0.000 +-  0.000  0.000      8.69      8.69
  175   0.97245  2.64095     27.675  0.299 +-  0.000  0.000      7.11      1.26
  176  -3.84905  4.79876     16.864  0.239 +-  0.000  0.000      0.41      2.19
  177  -5.77573  5.42540     15.927  0.239 +-  0.000  0.000     -0.52      9.88
  178  -8.80707  2.64208     10.779  0.000 +-  0.000  0.000     10.78     10.78
  179  12.65842  1.57636      5.262  0.000 +-  0.000  0.000      5.26      5.26
  180  -6.96471  3.45069     10.215  0.000 +-  0.000  0.000     10.22     10.22
  181  -1.35066  3.25936     43.919  0.539 +-  0.000  0.000      6.90     -2.70
  182   9.85964  1.71807      5.200  0.000 +-  0.000  0.000      5.20      5.20
  183   6.18242  3.68923      4.229  0.000 +-  0.000  0.000      4.23      4.23
  184   0.47807  2.63641     34.777  0.479 +-  0.000  0.000      1.87     -8.15
  185  -0.64081  2.56293      9.226  0.160 +-  0.000  0.000     -1.74     -5.03
  186   0.04909  4.08439     30.633  0.329 +-  0.000  0.000      8.01      0.98
  187  -0.30483  3.88630    106.183  0.319 +-  0.000  0.000     84.25     77.48
  188   6.36375  6.12667      2.875  0.000 +-  0.000  0.000      2.88      2.88
  189   7.00965  5.54049     10.953  0.000 +-  0.000  0.000     10.95     10.95
  190   6.96618  6.10495     11.979  0.000 +-  0.000  0.000     11.98     11.98
  191 -11.06774  0.89927      3.433  0.000 +-  0.000  0.000      3.43      3.43
  192   3.39674  0.78056     16.761  0.160 +-  0.000  0.000      5.79      5.96
  193  -1.31115  6.02534     33.964  0.279 +-  0.000  0.000     14.77      9.73
  194   8.27452  1.58870      3.696  0.000 +-  0.000  0.000      3.70      3.70
  195   2.53664  1.93855     28.357  0.239 +-  0.000  0.000     11.91      9.78
  196   2.35964  1.23302     45.195  0.598 +-  0.000  0.000      4.07     -2.25
  197 -10.08753  1.50974      1.585  0.000 +-  0.000  0.000      1.59      1.59
  198   1.60193  5.35306     11.755  0.160 +-  0.000  0.000      0.79     -1.83
  199   1.23044  0.17204     39.538  0.509 +-  0.000  0.000      4.58     -4.80
  200   6.46029  0.83392      8.807  0.000 +-  0.000  0.000      8.81      8.81
  201   3.85934  3.22927     19.592  0.259 +-  0.000  0.000      1.77      3.73
  202  -3.07048  0.22525     22.477  0.339 +-  0.000  0.000     -0.83     -1.87
  203  -6.84895  3.83760      4.399  0.000 +-  0.000  0.000      4.40      4.40
  204   8.07923  5.50858      2.133  0.000 +-  0.000  0.000      2.13      2.13
  205   4.95939  2.97696      2.466  0.189 +-  0.000  0.000    -10.56     -5.55
  206  -4.86359  0.63230     17.261  0.199 +-  0.000  0.000      3.55      8.46
  207   0.67908  1.32409     20.111  0.160 +-  0.000  0.000      9.14      5.87
  208   0.08587  1.30018     22.784  0.299 +-  0.000  0.000      2.22     -4.17
  209  13.52924  4.93075      1.018  0.000 +-  0.000  0.000      1.02      1.02
  210   0.54128  5.97131     30.447  0.379 +-  0.000  0.000      4.40     -3.49
  211 -13.20746  5.04853      1.001  0.000 +-  0.000  0.000      1.00      1.00
  212  -2.45648  6.12380     14.029  0.259 +-  0.000  0.000     -3.79     -6.30
  213  -8.74447  1.70928      3.347  0.000 +-  0.000  0.000      3.35      3.35
  214  -9.17641  4.13435      2.810  0.000 +-  0.000  0.000      2.81      2.81
  215   8.80937  5.68993      3.705  0.000 +-  0.000  0.000      3.71      3.71
  216   3.76875  1.14097     33.592  0.439 +-  0.000  0.000      3.43      6.16
  217  12.28668  2.53283      3.266  0.000 +-  0.000  0.000      3.27      3.27
  218  -6.50085  3.20759     11.800  0.000 +-  0.000  0.000     11.80     11.80
  219  -7.70624  6.12450     13.321  0.000 +-  0.000  0.000     13.32     13.32
  220 -13.88296  0.82313      2.523  0.000 +-  0.000  0.000      2.52      2.52
  221   8.57987  5.06896     15.092  0.000 +-  0.000  0.000     15.09     15.09
  222   1.58536  4.52553     32.123  0.229 +-  0.000  0.000     16.36     12.57
  223  -7.70679  4.34763     12.525  0.000 +-  0.000  0.000     12.53     12.53
  224  -0.66599  3.18212     43.807  0.459 +-  0.000  0.000     12.28      2.86
  225  14.08599  2.32599      2.125  0.000 +-  0.000  0.000      2.13      2.13
  226  -0.63557  2.09294     32.303  0.369 +-  0.000  0.000      6.94     -0.66
  227  12.10525  3.54286      1.091  0.000 +-  0.000  0.000      1.09      1.09
  228 -10.77312  2.80717      2.494  0.000 +-  0.000  0.000      2.49      2.49
  229  -8.12235  3.02228      5.532  0.000 +-  0.000  0.000      5.53      5.53
  230  -0.73689  4.65099     21.811  0.259 +-  0.000  0.000      3.99     -1.28
  231  -4.83420  3.68054     24.757  0.638 +-  0.000  0.000    -19.11     -3.77
  232 -12.33173  5.20521      1.249  0.000 +-  0.000  0.000      1.25      1.25
  233  14.32967  0.42794      1.115  0.000 +-  0.000  0.000      1.11      1.11
  234   6.92997  2.20957      7.900  0.000 +-  0.000  0.000      7.90      7.90
  235 -10.64992  1.10229     10.345  0.000 +-  0.000  0.000     10.34     10.34
  236  -2.44493  5.68225     30.978  0.489 +-  0.000  0.000     -2.61     -7.38
  237   2.24803  4.48807     46.477  0.439 +-  0.000  0.000     16.32     11.24
  238  -7.17172  6.00246      4.103  0.000 +-  0.000  0.000      4.10      4.10
  239   0.04321  2.21251     19.101  0.259 +-  0.000  0.000      1.28     -4.27
  240   3.26424  1.46216     14.746  0.279 +-  0.000  0.000     -4.45     -4.64
  241  -2.16249  4.77132     23.369  0.429 +-  0.000  0.000     -6.11    -11.38
  242  -3.77769  0.96424     22.754  0.319 +-  0.000  0.000      0.82      2.85
  243  -7.49635  2.63039      7.524  0.000 +-  0.000  0.000      7.52      7.52
  244   6.03121  0.76129      7.939  0.100 +-  0.000  0.000      1.08      6.00
  245  -8.23544  2.19926     10.533  0.000 +-  0.000  0.000     10.53     10.53
  246 -11.18641  5.57990      1.038  0.000 +-  0.000  0.000      1.04      1.04
  247   1.91427  3.52174     18.779  0.229 +-  0.000  0.000      3.01     -0.26
  248   8.39326  2.02640      7.645  0.000 +-  0.000  0.000      7.65      7.65
  249   6.72311  2.81234     24.345  0.000 +-  0.000  0.000     24.34     24.34
  250  -8.13155  6.12173      6.559  0.000 +-  0.000  0.000      6.56      6.56
  251  -8.31604  1.42789      9.853  0.000 +-  0.000  0.000      9.85      9.85
  252   0.58377  3.86999      7.451  0.219 +-  0.000  0.000     -7.63    -12.18
  253  -3.18522  0.74234      4.729  0.150 +-  0.000  0.000     -5.55     -5.80
  254   4.79351  4.03498     26.765  0.648 +-  0.000  0.000    -17.79     -2.70
  255   0.69797  2.01193     24.256  0.379 +-  0.000  0.000     -1.79     -9.54
  256   0.58966  4.68015      5.539  0.100 +-  0.000  0.000     -1.32     -3.38
  257  -1.46283  4.33075     30.978  0.399 +-  0.000  0.000      3.56     -3.31
  258  -8.51921  5.48803     10.243  0.000 +-  0.000  0.000     10.24     10.24
  259   8.70945  2.71582      5.704  0.000 +-  0.000  0.000      5.70      5.70
  260  -6.57029  1.62230     16.180  0.000 +-  0.000  0.000     16.18     16.18
  261   4.50906  1.30994     29.619  0.509 +-  0.000  0.000     -5.34      3.88
  262  12.05604  1.24132      2.464  0.000 +-  0.000  0.000      2.46      2.46
  263   4.34741  5.61241     19.773  0.349 +-  0.000  0.000     -4.22      1.14
  264   0.32081  1.65285     21.807  0.289 +-  0.000  0.000      1.93     -4.20
  265  13.82718  3.46731      4.600  0.000 +-  0.000  0.000      4.60      4.60
  266  -3.30351  2.14255      1.803  0.170 +-  0.000  0.000     -9.85     -9.88
  267   1.81134  2.60459     41.575  0.459 +-  0.000  0.000     10.04      3.16
  268   3.21108  5.97399     30.249  0.389 +-  0.000  0.000      3.52      2.99
  269 -10.74435  5.93349      5.064  0.000 +-  0.000  0.000      5.06      5.06
  270   4.01079  1.73420     18.166  0.439 +-  0.000  0.000    -11.99     -7.66
  271   5.47324  2.09522      3.189  0.269 +-  0.000  0.000    -15.32     -5.40
  272   7.88913  2.79489     13.021  0.000 +-  0.000  0.000     13.02     13.02
  273   9.44862  0.37276      8.608  0.000 +-  0.000  0.000      8.61      8.61
  274   8.83203  6.18274      4.172  0.000 +-  0.000  0.000      4.17      4.17
  275  -4.27907  0.83063     11.252  0.199 +-  0.000  0.000     -2.46      0.38
  276  -7.90974  1.05969     10.440  0.000 +-  0.000  0.000     10.44     10.44
  277  -4.76484  5.26951     31.235  0.618 +-  0.000  0.000    -11.26      2.80
  278  -2.86073  2.22716     33.406  0.409 +-  0.000  0.000      5.30      3.06
  279   5.47869  2.88957     14.806  0.289 +-  0.000  0.000     -5.07      5.61
  280  -1.09182  5.56340     12.257  0.219 +-  0.000  0.000     -2.82     -7.01
  281  -9.44462  4.55732      6.131  0.000 +-  0.000  0.000      6.13      6.13
  282  -6.42442  5.92167      9.715  0.040 +-  0.000  0.000      6.97      9.32
  283  -0.33055  4.31398     10.953  0.110 +-  0.000  0.000      3.41      1.09
  284  -2.28076  0.27262     52.985  0.469 +-  0.000  0.000     20.77     15.48
  285  -5.30936  0.66609      1.733  0.110 +-  0.000  0.000     -5.81     -2.14
  286   1.83811  5.83382     46.278  0.459 +-  0.000  0.000     14.75      7.95
  287 -12.22579  5.76122      2.144  0.000 +-  0.000  0.000      2.14      2.14
  288  -4.60989  4.84788     14.209  0.329 +-  0.000  0.000     -8.41     -1.86
  289   2.14115  6.16914     20.699  0.170 +-  0.000  0.000      9.05      6.93
  290  -1.86515  0.54202     31.492  0.249 +-  0.000  0.000     14.36     10.71
  291  -9.59992  5.72814      7.049  0.000 +-  0.000  0.000      7.05      7.05
  292  10.75493  2.30760      3.326  0.000 +-  0.000  0.000      3.33      3.33
  293   6.92645  3.53040      4.048  0.000 +-  0.000  0.000      4.05      4.05
  294   6.08785  5.06558      7.890  0.090 +-  0.000  0.000      1.72      6.27
  295  -7.80182  3.71726     11.379  0.000 +-  0.000  0.000     11.38     11.38
  296   7.71016  4.75977     12.608  0.000 +-  0.000  0.000     12.61     12.61
  297  -9.67296  1.26732      8.438  0.000 +-  0.000  0.000      8.44      8.44
  298   8.92319  3.91732      1.722  0.000 +-  0.000  0.000      1.72      1.72
  299   6.17966  4.34146     15.596  0.110 +-  0.000  0.000      8.06     13.85
  300   4.37366  2.18528     10.367  0.239 +-  0.000  0.000     -6.08     -2.30
  301  -1.24127  1.01531     63.758  0.598 +-  0.000  0.000     22.63     11.63
  302  -0.19178  0.95087    130.560  0.519 +-  0.000  0.000     94.92     83.86
  303  -6.16093  1.30789      7.919  0.070 +-  0.000  0.000      3.12      6.78
  304  11.13396  0.83967      1.256  0.000 +-  0.000  0.000      1.26      1.26
  305   4.56801  0.14682     13.816  0.359 +-  0.000  0.000    -10.86     -3.98
  306   7.92475  3.50236      6.853  0.000 +-  0.000  0.000      6.85      6.85
  307   2.57768  0.03480     31.962  0.349 +-  0.000  0.000      7.97      5.01
  308  -8.03840  0.46519      4.007  0.000 +-  0.000  0.000      4.01      4.01
  309  -1.94576  5.21998      7.839  0.189 +-  0.000  0.000     -5.18     -7.84
  310   0.93050  3.39093     34.123  0.389 +-  0.000  0.000      7.39     -0.27
  311  -8.36690  5.02452      1.143  0.000 +-  0.000  0.000      1.14      1.14
  312   5.81014  3.46841      8.875  0.209 +-  0.000  0.000     -5.52      3.74
  313  -9.97687  3.95637      3.849  0.000 +-  0.000  0.000      3.85      3.85
  314  15.44602  3.12999      1.291  0.000 +-  0.000  0.000      1.29      1.29
  315   2.50445  5.58690     36.320  0.519 +-  0.000  0.000      0.68     -4.09
  316   6.82733  0.30963     11.272  0.000 +-  0.000  0.000     11.27     11.27
  317   2.48139  3.04195     21.120  0.269 +-  0.000  0.000      2.61      0.08
  318  -2.61623  1.56220     30.949  0.429 +-  0.000  0.000      1.47     -1.99
  319  -3.77422  2.45263     25.853  0.459 +-  0.000  0.000     -5.68     -2.79
  320 -11.87092  0.16439      4.486  0.000 +-  0.000  0.000      4.49      4.49
  321  -2.03215  0.94925     21.067  0.319 +-  0.000  0.000     -0.87     -5.13
  322  10.24586  5.53269      1.253  0.000 +-  0.000  0.000      1.25      1.25
  323 -12.97166  5.40601      1.437  0.000 +-  0.000  0.000      1.44      1.44
  324   1.92614  1.88456     44.654  0.389 +-  0.000  0.000     17.92     12.41
  325  15.31624  0.12860      1.313  0.000 +-  0.000  0.000      1.31      1.31
  326  -3.84788  3.70854     15.344  0.339 +-  0.000  0.000     -7.96     -5.46
  327  -4.50403  3.15991     11.850  0.349 +-  0.000  0.000    -12.14     -5.84
  328  -2.44660  1.97606      5.396  0.140 +-  0.000  0.000     -4.20     -5.56
  329  -6.77187  5.70619      6.755  0.000 +-  0.000  0.000      6.75      6.75
  330   1.30063  1.61641     20.203  0.239 +-  0.000  0.000      3.75     -0.58
  331  -6.96449  4.67957      5.766  0.000 +-  0.000  0.000      5.77      5.77
  332  -1.76258  5.59539     15.435  0.199 +-  0.000  0.000      1.73     -1.34
  333  -2.63473  0.80545     17.701  0.349 +-  0.000  0.000     -6.29     -9.04
  334   7.31398  2.44967      6.275  0.000 +-  0.000  0.000      6.27      6.27
  335   1.76058  4.92781     36.091  0.329 +-  0.000  0.000     13.47      8.42
  336  -4.11348  3.33557     12.572  0.309 +-  0.000  0.000     -8.68     -5.12
  337   9.41830  3.82611      6.236  0.000 +-  0.000  0.000      6.24      6.24
  338  -2.22795  3.51371     12.376  0.239 +-  0.000  0.000     -4.07     -6.88
  339   2.89537  2.13868     14.941  0.309 +-  0.000  0.000     -6.31     -7.88
  340  -6.19638  3.77744      8.922  0.030 +-  0.000  0.000      6.87      8.46
  341 -11.17579  4.87288      1.589  0.000 +-  0.000  0.000      1.59      1.59
  342  -3.85810  5.62588     10.872  0.160 +-  0.000  0.000     -0.10      1.11
  343   1.02764  4.63245      6.157  0.060 +-  0.000  0.000      2.04      0.89
  344  -0.71068  0.58071     18.855  0.180 +-  0.000  0.000      6.52      2.85
  345   5.73903  4.57700      9.514  0.309 +-  0.000  0.000    -11.73      1.44
  346   2.85919  3.80774     22.387  0.399 +-  0.000  0.000     -5.03     -7.22
  347  10.68534  3.13652      6.603  0.000 +-  0.000  0.000      6.60      6.60
  348   7.39779  1.88926     24.176  0.000 +-  0.000  0.000     24.18     24.18
  349   2.59655  4.15630     21.425  0.269 +-  0.000  0.000      2.92      0.69
  350 -12.42305  3.04092      2.175  0.000 +-  0.000  0.000      2.17      2.17
  351   8.33033  5.90663      4.732  0.000 +-  0.000  0.000      4.73      4.73
  352  -4.63093  2.66975     11.695  0.479 +-  0.000  0.000    -21.21    -11.49
  353   6.27662  1.76276     13.625  0.110 +-  0.000  0.000      6.09     12.14
  354  13.46502  5.47075      1.258  0.000 +-  0.000  0.000      1.26      1.26
  355 -12.79148  6.26370      1.122  0.000 +-  0.000  0.000      1.12      1.12
  356  -6.36099  2.06927      8.746  0.000 +-  0.000  0.000      8.75      8.75
  357   8.77718  3.35229      6.921  0.000 +-  0.000  0.000      6.92      6.92
  358   2.33417  3.69802     22.025  0.299 +-  0.000  0.000      1.46     -1.77
  359  -1.01152  0.09059     32.869  0.379 +-  0.000  0.000      6.82     -0.53
  360 -10.24708  5.35322      1.022  0.000 +-  0.000  0.000      1.02      1.02
  361 -11.43080  5.98096      1.140  0.000 +-  0.000  0.000      1.14      1.14
  362  -9.80788  0.69728      3.190  0.000 +-  0.000  0.000      3.19      3.19
  363  -3.51360  5.86399     10.861  0.249 +-  0.000  0.000     -6.28     -5.63
  364   2.11084  5.16533     28.621  0.279 +-  0.000  0.000      9.43      5.88
  365 -10.15281  0.37487      3.399  0.000 +-  0.000  0.000      3.40      3.40
  366  -7.03386  0.73275      8.838  0.000 +-  0.000  0.000      8.84      8.84
  367  -3.04560  5.94597     26.870  0.309 +-  0.000  0.000      5.62      4.58
  368 -10.24830  3.27894      4.029  0.000 +-  0.000  0.000      4.03      4.03
  369  -9.01677  0.34193      1.375  0.000 +-  0.000  0.000      1.38      1.38
  370 -18.75289  3.52909      1.196  0.000 +-  0.000  0.000      1.20      1.20
  371  -1.14095  2.69349     37.370  0.389 +-  0.000  0.000     10.64      3.30
  372  -7.09757  2.85273      2.047  0.000 +-  0.000  0.000      2.05      2.05
  373   9.29979  2.36078      3.883  0.000 +-  0.000  0.000      3.88      3.88
  374  -9.28094  3.43938      4.941  0.000 +-  0.000  0.000      4.94      4.94
  375  -1.47815  1.71507     27.285  0.299 +-  0.000  0.000      6.72      1.59
  376  11.00506  5.36729      1.322  0.000 +-  0.000  0.000      1.32      1.32
  377   7.55188  0.24027      3.011  0.000 +-  0.000  0.000      3.01      3.01
  378  -7.16681  5.49459     10.205  0.000 +-  0.000  0.000     10.21     10.21
  379  -3.51047  3.31378     17.229  0.419 +-  0.000  0.000    -11.56    -10.49
  380 -14.13993  1.20651      1.205  0.000 +-  0.000  0.000      1.20      1.20
  381   9.96650  2.27365      5.265  0.000 +-  0.000  0.000      5.26      5.26
  382  -1.44557  5.27682     13.708  0.199 +-  0.000  0.000     -0.00     -3.46
  383   2.76107  4.96215     35.680  0.409 +-  0.000  0.000      7.58      4.89
  384  -0.75383  5.85619     25.201  0.239 +-  0.000  0.000      8.75      3.90
  385  -2.81481  1.21288      8.817  0.120 +-  0.000  0.000      0.59     -0.12
  386  11.99108  5.99936      1.048  0.000 +-  0.000  0.000      1.05      1.05
  387  10.35885  0.66537      5.948  0.000 +-  0.000  0.000      5.95      5.95
  388   3.28999  2.81052     23.721  0.309 +-  0.000  0.000      2.47      2.36
  389   6.11306  2.56088     12.888  0.269 +-  0.000  0.000     -5.62      8.18
  390   5.57767  3.91795     12.892  0.439 +-  0.000  0.000    -17.27     -0.12
  391  -1.94321  1.98747     16.807  0.160 +-  0.000  0.000      5.84      3.60
  392   5.95793  5.75476     17.508  0.249 +-  0.000  0.000      0.37     12.24
  393  -5.35603  5.63378     12.679  0.299 +-  0.000  0.000     -7.88      2.40
  394  -6.16954  0.00407     11.548  0.090 +-  0.000  0.000      5.38     10.10
  395   3.76744  3.71253     25.369  0.269 +-  0.000  0.000      6.86      8.53
  396   5.99401  2.06749      3.585  0.070 +-  0.000  0.000     -1.21      2.17
  397  10.61159  5.85876      1.347  0.000 +-  0.000  0.000      1.35      1.35
  398   7.36664  3.65612      7.536  0.000 +-  0.000  0.000      7.54      7.54
  399  -9.63555  2.14803      8.308  0.000 +-  0.000  0.000      8.31      8.31
  400  -0.40491  0.06628     23.157  0.479 +-  0.000  0.000     -9.75    -19.83
  401  11.10227  1.86876      3.076  0.000 +-  0.000  0.000      3.08      3.08
  402   2.98264  1.01304     13.917  0.219 +-  0.000  0.000     -1.16     -2.06
  403   4.24736  3.81165     16.248  0.309 +-  0.000  0.000     -5.00     -0.77
  404  -9.18593  5.16636      4.251  0.000 +-  0.000  0.000      4.25      4.25
  405   2.06670  2.94933     21.392  0.150 +-  0.000  0.000     11.11      9.15
  406  -3.03600  1.66875      2.159  0.080 +-  0.000  0.000     -3.32     -3.60
  407 -14.74024  0.10278      2.304  0.000 +-  0.000  0.000      2.30      2.30
  408   5.88073  0.27244     10.782  0.299 +-  0.000  0.000     -9.78      3.93
  409   0.34466  5.47931     26.647  0.229 +-  0.000  0.000     10.88      6.03
  410   4.86225  1.97794     17.533  0.309 +-  0.000  0.000     -3.72      3.88
  411  -6.38529  4.44228      6.358  0.000 +-  0.000  0.000      6.36      6.36
  412  -6.80617  1.25841      5.083  0.000 +-  0.000  0.000      5.08      5.08
  413   0.06329  6.12383     34.827  0.379 +-  0.000  0.000      8.78      0.68
  414   0.70368  0.86984     26.902  0.209 +-  0.000  0.000     12.51      8.23
  415  -6.23252  0.91166      7.512  0.070 +-  0.000  0.000      2.71      6.49
  416  -3.90744  4.24073      8.384  0.219 +-  0.000  0.000     -6.70     -4.88
  417   5.28015  0.33701      7.384  0.349 +-  0.000  0.000    -16.61     -5.16
  418   4.77122  2.50812     22.353  0.339 +-  0.000  0.000     -0.95      6.80
  419   5.05191  5.89158     35.252  0.608 +-  0.000  0.000     -6.56     10.61
  420  -2.84636  5.18841     26.770  0.289 +-  0.000  0.000      6.89      5.26
  421 -10.59730  5.05768      3.415  0.000 +-  0.000  0.000      3.42      3.42
  422   0.07001  3.34338     46.404  0.559 +-  0.000  0.000      8.02     -3.92
  423  -8.48295  0.46861      3.686  0.000 +-  0.000  0.000      3.69      3.69
  424  -6.91327  2.18208      7.506  0.000 +-  0.000  0.000      7.51      7.51
  425  -3.72966  1.86184     36.966  0.549 +-  0.000  0.000     -0.73      2.37
  426   9.34218  5.86048      4.714  0.000 +-  0.000  0.000      4.71      4.71
  427  11.49152  3.93647      2.037  0.000 +-  0.000  0.000      2.04      2.04
  428 -18.85875  5.87603      1.123  0.000 +-  0.000  0.000      1.12      1.12
  429  -0.79687  1.52327     27.059  0.309 +-  0.000  0.000      5.81     -0.42
  430   5.03919  3.46476      8.209  0.309 +-  0.000  0.000    -13.04     -4.39
  431   9.85941  5.83111      1.233  0.000 +-  0.000  0.000      1.23      1.23
  432  -5.81250  1.69355      4.279  0.110 +-  0.000  0.000     -3.26      1.60
  433   6.86095  5.12689      5.542  0.000 +-  0.000  0.000      5.54      5.54
  434   1.79858  3.99312     16.336  0.219 +-  0.000  0.000      1.26     -2.06
  435  -0.85787  3.75063      6.425  0.229 +-  0.000  0.000     -9.34    -13.92
  436  11.66900  2.77869      1.236  0.000 +-  0.000  0.000      1.24      1.24
  437  -4.80853  1.51661      8.599  0.349 +-  0.000  0.000    -15.39     -7.17
  438  -1.45072  4.87130     16.520  0.319 +-  0.000  0.000     -5.41    -10.93
  439  -1.86197  1.42967     29.523  0.329 +-  0.000  0.000      6.90      2.08
  440  -0.87799  5.12004     24.087  0.219 +-  0.000  0.000      9.01      4.64
  441  -4.65567  1.06194     17.741  0.389 +-  0.000  0.000     -8.99     -0.92
  442 -11.81392  5.09882      3.801  0.000 +-  0.000  0.000      3.80      3.80
  443  10.52997  4.36923      1.957  0.000 +-  0.000  0.000      1.96      1.96
  444 -14.42717  5.86805      1.251  0.000 +-  0.000  0.000      1.25      1.25
  445  -5.67232  0.90361     16.057  0.329 +-  0.000  0.000     -6.56      6.98
  446   5.95008  3.07134     13.892  0.180 +-  0.000  0.000      1.55     10.07
  447   3.38119  5.55650     13.683  0.180 +-  0.000  0.000      1.35      1.49
  448  -7.55140  4.99368      6.804  0.000 +-  0.000  0.000      6.80      6.80
  449   6.54610  5.60820      3.278  0.000 +-  0.000  0.000      3.28      3.28
  450   0.17876  4.59085     16.668  0.259 +-  0.000  0.000     -1.15     -6.68
  451  -4.48765  4.28323     16.807  0.539 +-  0.000  0.000    -20.21    -10.65
  452   3.80005  2.52475     24.055  0.509 +-  0.000  0.000    -10.90     -7.51
