# ../areas-test-mean-class -incl 1.0 -r 0.4 -in HIevent-LHC-Nch1600.dat -discard 0.0 
#---------------------------------------------------------------------
#                     FastJet release 2.1 beta    			 
#            Written by Matteo Cacciari and Gavin Salam		 
#            http://www.lpthe.jussieu.fr/~salam/fastjet		 
#								      	 
# Longitudinally invariant Kt Jet clustering, using the fast geometric
# algorithms of hep-ph/0512210 (please cite this if you use FastJet)  
# This package makes use of the CGAL library: http://www.cgal.org/    
# This package incorporates T.Chan's closest-pair algorithm, Proc. 13th     
# ACM-SIAM Symposium on Discrete Algorithms, pp.472-473, 2002
#---------------------------------------------------------------------
# median_pt_per_area = 190.693
# sub_a, sub_b = 237.981 -4.56005
 ijet   rap      phi        Pt       area  +-   err   stddev  pt_corr  ptcr(a,b)
    0  -0.09182  0.90596    243.433  0.638 +-  0.000  0.000    121.71     91.56
    1  -0.32718  3.87190    163.535  0.389 +-  0.000  0.000     89.36     71.16
    2  -0.71638  3.33058    120.653  0.529 +-  0.000  0.000     19.86     -3.90
    3   1.90694  5.44646    119.400  0.409 +-  0.000  0.000     41.42     28.87
    4   1.14225  5.24925    117.823  0.469 +-  0.000  0.000     28.44      9.06
    5   0.61140  2.63922    116.083  0.509 +-  0.000  0.000     19.09     -4.10
    6   1.88525  2.84864    106.203  0.389 +-  0.000  0.000     32.03     19.94
    7  -2.04536  0.33397    104.695  0.339 +-  0.000  0.000     40.03     30.47
    8  -2.11896  5.98218    102.289  0.519 +-  0.000  0.000      3.39    -10.51
    9   0.71144  6.19446    101.985  0.459 +-  0.000  0.000     14.50     -6.14
   10  -3.65292  1.67882    101.241  0.539 +-  0.000  0.000     -1.46      5.84
   11  -2.56141  0.50578    101.102  0.539 +-  0.000  0.000     -1.60    -10.95
   12  -0.61275  1.45250    100.397  0.429 +-  0.000  0.000     18.62     -0.93
   13  -1.50235  2.60336     98.755  0.409 +-  0.000  0.000     20.78      5.65
   14   1.51358  4.47833     97.259  0.369 +-  0.000  0.000     26.89     13.30
   15   2.51972  5.33698     94.558  0.369 +-  0.000  0.000     24.19     17.42
   16  -2.15384  4.15733     93.981  0.419 +-  0.000  0.000     14.10      3.16
   17   1.89739  1.90507     93.821  0.369 +-  0.000  0.000     23.45     12.06
   18  -2.87438  2.02363     93.091  0.529 +-  0.000  0.000     -7.71    -12.79
   19   0.22190  4.60042     92.607  0.399 +-  0.000  0.000     16.53     -2.24
   20   2.79442  4.61386     90.137  0.459 +-  0.000  0.000      2.65     -2.71
   21  -0.89380  4.10697     89.195  0.379 +-  0.000  0.000     16.92      0.38
   22   0.31944  5.62288     89.175  0.349 +-  0.000  0.000     22.61      6.27
   23  -0.16826  1.84245     89.020  0.339 +-  0.000  0.000     24.36      8.37
   24  -1.07531  1.84826     88.731  0.369 +-  0.000  0.000     18.36      2.86
   25   1.10863  0.59127     86.909  0.419 +-  0.000  0.000      7.03    -10.43
   26   1.18359  2.55537     86.900  0.379 +-  0.000  0.000     14.63     -0.87
   27  -1.37904  1.29542     86.664  0.369 +-  0.000  0.000     16.30      2.05
   28   0.08025  6.25691     86.430  0.409 +-  0.000  0.000      8.45    -10.87
   29  -2.86809  4.43775     85.804  0.409 +-  0.000  0.000      7.83      3.83
   30  -1.46794  6.22091     85.733  0.289 +-  0.000  0.000     30.58     19.75
   31   2.22880  2.52568     84.952  0.309 +-  0.000  0.000     25.99     18.38
   32  -1.44839  4.94074     84.768  0.339 +-  0.000  0.000     20.11      7.31
   33   2.08497  4.86042     83.841  0.309 +-  0.000  0.000     24.88     16.39
   34   1.00766  3.41371     83.268  0.389 +-  0.000  0.000      9.10     -7.50
   35   0.40683  1.97568     82.516  0.349 +-  0.000  0.000     15.95     -0.29
   36  -2.09260  4.67624     82.151  0.419 +-  0.000  0.000      2.27     -9.17
   37  -0.58474  2.24805     81.034  0.339 +-  0.000  0.000     16.37      0.87
   38  -1.37081  4.46740     79.261  0.289 +-  0.000  0.000     24.11     12.91
   39   4.55036  5.24366     78.773  0.479 +-  0.000  0.000    -12.51     10.05
   40  -0.83279  4.90328     78.692  0.329 +-  0.000  0.000     15.93      1.41
   41   1.38447  1.85801     78.030  0.329 +-  0.000  0.000     15.27      2.58
   42   3.05373  1.05135     76.755  0.419 +-  0.000  0.000     -3.12     -5.12
   43   4.34662  1.06213     76.340  0.469 +-  0.000  0.000    -13.05      5.17
   44   3.28285  4.98297     76.251  0.489 +-  0.000  0.000    -16.94    -16.03
   45   1.82498  1.27744     76.061  0.339 +-  0.000  0.000     11.40      0.51
   46   3.36644  6.27712     75.477  0.399 +-  0.000  0.000     -0.60      1.15
   47   2.30071  3.73117     75.050  0.339 +-  0.000  0.000     10.39      2.54
   48   2.73480  1.84992     73.464  0.299 +-  0.000  0.000     16.41     12.46
   49  -0.97217  0.93478     73.119  0.299 +-  0.000  0.000     16.06      3.20
   50   1.82800  0.31887     73.003  0.399 +-  0.000  0.000     -3.07    -15.86
   51   2.17916  4.38660     72.623  0.319 +-  0.000  0.000     11.76      3.58
   52  -1.53278  0.49775     72.481  0.289 +-  0.000  0.000     17.33      6.75
   53  -2.21187  2.16849     71.985  0.319 +-  0.000  0.000     11.13      3.15
   54   2.18576  6.05714     71.616  0.319 +-  0.000  0.000     10.76      2.62
   55  -0.94363  6.24954     71.173  0.299 +-  0.000  0.000     14.12      1.18
   56   0.85145  1.06758     71.164  0.259 +-  0.000  0.000     21.72     10.31
   57   0.95530  4.29060     71.028  0.229 +-  0.000  0.000     27.29     17.39
   58  -1.67271  1.93453     70.464  0.349 +-  0.000  0.000      3.90     -8.15
   59   0.61519  1.49299     70.339  0.289 +-  0.000  0.000     15.19      2.01
   60  -2.79565  3.84065     69.461  0.389 +-  0.000  0.000     -4.71     -9.24
   61  -0.77167  0.56390     68.988  0.339 +-  0.000  0.000      4.33    -10.79
   62   4.91759  2.57023     68.672  0.499 +-  0.000  0.000    -26.42      4.99
   63  -2.31609  3.33228     68.458  0.309 +-  0.000  0.000      9.50      2.44
   64   1.79906  3.41043     67.658  0.319 +-  0.000  0.000      6.80     -3.58
   65   2.66938  0.03523     67.559  0.359 +-  0.000  0.000     -0.91     -6.22
   66   3.88131  5.21762     67.049  0.429 +-  0.000  0.000    -14.73     -5.55
   67  -2.77213  6.09225     67.003  0.339 +-  0.000  0.000      2.34     -1.81
   68  -0.45822  5.45358     66.934  0.269 +-  0.000  0.000     15.58      3.11
   69  -1.68849  5.55335     66.564  0.349 +-  0.000  0.000     -0.00    -11.97
   70   2.63525  4.06987     66.065  0.329 +-  0.000  0.000      3.30     -1.84
   71  -4.70257  6.25514     65.331  0.379 +-  0.000  0.000     -6.94     13.36
   72  -0.32101  4.84155     65.186  0.269 +-  0.000  0.000     13.84      1.23
   73  -1.26196  3.34996     64.658  0.289 +-  0.000  0.000      9.50     -2.07
   74   3.69442  1.07943     64.020  0.329 +-  0.000  0.000      1.26      6.18
   75  -3.74763  0.92954     63.900  0.379 +-  0.000  0.000     -8.37     -2.02
   76  -2.07121  2.74800     63.358  0.279 +-  0.000  0.000     10.11      2.36
   77  -4.13919  3.41755     63.243  0.459 +-  0.000  0.000    -24.24    -10.09
   78  -3.62170  2.28591     62.553  0.369 +-  0.000  0.000     -7.82     -3.19
   79  -1.69585  3.57681     62.246  0.279 +-  0.000  0.000      8.99     -0.55
   80  -4.18387  4.61396     61.852  0.479 +-  0.000  0.000    -29.44    -13.86
   81   1.25720  0.08085     61.839  0.269 +-  0.000  0.000     10.49     -0.30
   82   0.48794  0.59793     61.702  0.299 +-  0.000  0.000      4.65     -9.18
   83   3.98064  1.57738     61.547  0.369 +-  0.000  0.000     -8.82      0.39
   84   0.08873  1.39601     60.524  0.219 +-  0.000  0.000     18.68      8.32
   85   3.32122  1.90194     60.453  0.379 +-  0.000  0.000    -11.82    -10.68
   86   3.68858  3.85691     59.670  0.319 +-  0.000  0.000     -1.19      3.52
   87   3.41658  0.55321     59.582  0.359 +-  0.000  0.000     -8.88     -6.75
   88  -3.57186  3.31498     59.199  0.389 +-  0.000  0.000    -14.97    -10.74
   89   2.08970  0.77253     58.769  0.249 +-  0.000  0.000     11.22      4.40
   90  -0.74270  5.80052     58.730  0.269 +-  0.000  0.000      7.38     -4.68
   91  -0.22424  2.88591     58.127  0.249 +-  0.000  0.000     10.58     -1.15
   92   2.87049  2.43409     58.081  0.289 +-  0.000  0.000      2.93      0.12
   93  -5.60307  5.45917     57.208  0.479 +-  0.000  0.000    -34.08     11.82
   94  -6.10844  2.51327     57.101  0.219 +-  0.000  0.000     15.26     42.22
   95  -0.08230  2.44088     57.088  0.279 +-  0.000  0.000      3.84     -9.36
   96   0.46174  5.11422     56.958  0.269 +-  0.000  0.000      5.61     -6.86
   97  -0.89406  2.79684     55.882  0.259 +-  0.000  0.000      6.43     -4.88
   98   0.74119  3.71370     55.749  0.269 +-  0.000  0.000      4.40     -7.66
   99  -1.96086  1.56155     55.677  0.239 +-  0.000  0.000     10.03      2.91
  100  -4.04930  5.70172     55.537  0.329 +-  0.000  0.000     -7.22      1.82
  101  -1.08898  5.36959     54.445  0.279 +-  0.000  0.000      1.19    -10.50
  102  -2.07464  1.02116     54.384  0.249 +-  0.000  0.000      6.84     -0.06
  103   0.07607  4.13043     54.185  0.199 +-  0.000  0.000     16.15      6.72
  104  -2.93056  3.21515     54.117  0.299 +-  0.000  0.000     -2.94     -5.37
  105   4.36100  3.50788     53.827  0.339 +-  0.000  0.000    -10.84      2.54
  106   5.41599  3.92947     53.226  0.588 +-  0.000  0.000    -58.98     -8.10
  107  -4.80609  1.60460     53.221  0.459 +-  0.000  0.000    -34.26     -7.64
  108   2.44552  0.99135     52.971  0.269 +-  0.000  0.000      1.62     -3.77
  109   1.71927  6.06117     52.645  0.229 +-  0.000  0.000      8.90      1.15
  110   3.97604  4.66956     52.474  0.389 +-  0.000  0.000    -21.70    -12.05
  111   6.93602  4.31760     52.473  0.000 +-  0.000  0.000     52.47     52.47
  112  -4.65793  1.05366     52.134  0.399 +-  0.000  0.000    -23.94     -3.34
  113   7.30772  1.73021     52.090  0.000 +-  0.000  0.000     52.09     52.09
  114  -1.20551  2.31096     52.075  0.189 +-  0.000  0.000     15.94      8.24
  115   4.30476  3.02873     52.020  0.319 +-  0.000  0.000     -8.84      3.04
  116   1.54580  4.95226     51.976  0.199 +-  0.000  0.000     13.94      6.68
  117  -0.00818  3.33229     51.203  0.229 +-  0.000  0.000      7.46     -3.39
  118  -0.07288  5.25591     51.184  0.259 +-  0.000  0.000      1.74    -10.52
  119   1.23638  5.80791     51.163  0.199 +-  0.000  0.000     13.13      5.08
  120  -4.71907  3.64908     51.159  0.369 +-  0.000  0.000    -19.21      0.81
  121  -3.50498  4.40150     50.842  0.289 +-  0.000  0.000     -4.31     -1.79
  122  -1.52334  4.01492     50.727  0.259 +-  0.000  0.000      1.28     -8.24
  123  -5.00972  2.58353     50.578  0.399 +-  0.000  0.000    -25.50      1.30
  124   2.41231  1.45364     50.443  0.209 +-  0.000  0.000     10.50      6.16
  125   0.57462  4.15550     50.378  0.199 +-  0.000  0.000     12.34      3.21
  126  -5.93675  3.09011     50.310  0.299 +-  0.000  0.000     -6.75     27.19
  127   1.33243  1.06988     50.148  0.219 +-  0.000  0.000      8.31     -0.29
  128  -3.34854  5.31747     49.980  0.299 +-  0.000  0.000     -7.07     -5.93
  129  -3.53857  5.77997     49.004  0.309 +-  0.000  0.000     -9.95     -6.92
  130  -3.13674  4.87779     48.703  0.289 +-  0.000  0.000     -6.45     -7.15
  131   0.43005  3.11278     48.435  0.269 +-  0.000  0.000     -2.91    -15.42
  132   3.30346  3.49054     48.396  0.309 +-  0.000  0.000    -10.56     -9.80
  133   3.77615  3.30012     48.157  0.219 +-  0.000  0.000      6.32     10.21
  134  -2.53254  2.57260     47.896  0.199 +-  0.000  0.000      9.86      6.26
  135   3.44881  4.30898     47.733  0.249 +-  0.000  0.000      0.19      1.92
  136   4.16442  5.77337     47.444  0.299 +-  0.000  0.000     -9.61     -0.10
  137   4.58953  1.84510     47.405  0.299 +-  0.000  0.000     -9.65      4.94
  138   0.92526  4.78283     47.397  0.259 +-  0.000  0.000     -2.05    -13.30
  139  -3.22179  1.25055     47.117  0.229 +-  0.000  0.000      3.37      3.38
  140  -1.57861  0.92065     46.063  0.189 +-  0.000  0.000      9.93      3.12
  141   5.63828  1.40978     46.004  0.469 +-  0.000  0.000    -43.38      2.40
  142  -5.22862  3.15574     45.969  0.479 +-  0.000  0.000    -45.32     -8.28
  143  -3.16659  0.24834     45.596  0.259 +-  0.000  0.000     -3.85     -4.26
  144  -1.78114  3.06750     45.531  0.219 +-  0.000  0.000      3.69     -3.51
  145   3.39409  5.66379     45.418  0.259 +-  0.000  0.000     -4.03     -2.67
  146   4.58449  0.09560     45.279  0.389 +-  0.000  0.000    -28.89    -10.01
  147  -2.86719  5.32583     44.897  0.209 +-  0.000  0.000      4.96      2.91
  148   0.16917  3.72811     44.601  0.219 +-  0.000  0.000      2.76     -7.59
  149  -5.46300  5.97982     44.475  0.409 +-  0.000  0.000    -33.50      2.81
  150  -3.13947  5.89095     44.086  0.249 +-  0.000  0.000     -3.46     -4.04
  151   5.19734  5.99152     43.785  0.329 +-  0.000  0.000    -18.98      6.00
  152   3.10404  2.88212     43.704  0.219 +-  0.000  0.000      1.86      1.13
  153   2.57748  2.91841     43.653  0.219 +-  0.000  0.000      1.81     -1.92
  154   4.90627  3.42416     43.460  0.429 +-  0.000  0.000    -38.32    -11.52
  155   6.44708  1.04301     43.400  0.020 +-  0.000  0.000     39.60     42.43
  156   5.63572  2.75876     43.361  0.469 +-  0.000  0.000    -46.03     -0.30
  157  -0.47958  0.21532     43.199  0.219 +-  0.000  0.000      1.36     -8.79
  158   5.15686  0.95051     43.168  0.309 +-  0.000  0.000    -15.79      7.08
  159   3.37646  2.51305     43.045  0.289 +-  0.000  0.000    -12.11    -10.75
  160  -4.10791  2.04669     43.031  0.349 +-  0.000  0.000    -23.53    -13.18
  161   1.41610  3.86431     42.635  0.209 +-  0.000  0.000      2.70     -5.29
  162  -4.90653  5.25833     42.345  0.289 +-  0.000  0.000    -12.81      5.27
  163  -3.36982  2.67655     42.295  0.239 +-  0.000  0.000     -3.35     -2.27
  164   4.32749  2.38795     42.074  0.279 +-  0.000  0.000    -11.18     -0.54
  165   0.95654  1.97199     42.017  0.209 +-  0.000  0.000      2.08     -6.95
  166  -0.49681  4.42182     41.443  0.189 +-  0.000  0.000      5.31     -3.44
  167  -7.25795  0.42214     41.409  0.000 +-  0.000  0.000     41.41     41.41
  168   4.86975  1.41305     41.319  0.279 +-  0.000  0.000    -11.93      5.06
  169  -6.36019  5.84922     41.256  0.030 +-  0.000  0.000     35.55     39.66
  170   4.92975  4.40204     40.970  0.339 +-  0.000  0.000    -23.69     -2.15
  171   3.94068  6.14313     40.645  0.309 +-  0.000  0.000    -18.31    -11.04
  172   1.68864  2.32911     40.592  0.170 +-  0.000  0.000      8.26      2.45
  173  -2.42827  1.25704     40.505  0.249 +-  0.000  0.000     -7.04    -12.13
  174  -2.93887  2.66670     40.444  0.180 +-  0.000  0.000      6.21      4.79
  175   1.37648  3.14244     40.230  0.189 +-  0.000  0.000      4.09     -3.23
  176   4.33639  0.58602     40.220  0.219 +-  0.000  0.000     -1.62      6.82
  177  -4.03980  6.21128     39.923  0.259 +-  0.000  0.000     -9.53     -2.49
  178   2.31161  3.28861     39.805  0.180 +-  0.000  0.000      5.57      1.46
  179   5.78824  2.11903     39.647  0.389 +-  0.000  0.000    -34.52      6.51
  180  -1.25612  5.85572     39.465  0.150 +-  0.000  0.000     10.94      4.94
  181  -3.87744  4.07246     39.408  0.249 +-  0.000  0.000     -8.14     -2.83
  182  -2.83374  1.43082     39.360  0.189 +-  0.000  0.000      3.23      1.20
  183   2.89890  3.67923     39.333  0.209 +-  0.000  0.000     -0.61     -2.48
  184   0.82668  5.70004     39.018  0.189 +-  0.000  0.000      2.88     -5.49
  185   3.93278  0.41370     38.887  0.239 +-  0.000  0.000     -6.76     -1.19
  186  -5.04395  2.05870     38.706  0.229 +-  0.000  0.000     -5.04     10.73
  187   5.15084  5.40402     38.690  0.279 +-  0.000  0.000    -14.56      6.02
  188  -2.52381  5.04549     38.684  0.219 +-  0.000  0.000     -3.16     -7.16
  189   2.93504  5.51543     38.376  0.189 +-  0.000  0.000      2.24      0.72
  190   5.55192  3.22301     38.281  0.359 +-  0.000  0.000    -30.19      3.30
  191  -0.33450  6.07420     38.255  0.180 +-  0.000  0.000      4.02     -4.38
  192  -5.29491  1.18911     37.952  0.319 +-  0.000  0.000    -22.91      2.80
  193   2.89296  0.55276     37.859  0.199 +-  0.000  0.000     -0.18     -2.00
  194   7.52159  1.03538     37.814  0.000 +-  0.000  0.000     37.81     37.81
  195  -5.73229  4.77131     37.674  0.249 +-  0.000  0.000     -9.87     15.70
  196   4.56907  4.04925     37.586  0.269 +-  0.000  0.000    -13.76     -0.86
  197  -4.06045  0.37082     36.718  0.219 +-  0.000  0.000     -5.12      1.00
  198   7.53564  5.80905     36.456  0.000 +-  0.000  0.000     36.46     36.46
  199   4.95783  0.48189     36.220  0.369 +-  0.000  0.000    -34.15    -10.24
  200   4.02023  4.18410     36.210  0.259 +-  0.000  0.000    -13.24     -6.39
  201   2.77146  3.28610     35.786  0.160 +-  0.000  0.000      5.36      3.40
  202  -4.85149  5.81314     35.746  0.239 +-  0.000  0.000     -9.90      4.47
  203   5.13805  1.92428     35.711  0.359 +-  0.000  0.000    -32.76     -6.51
  204   1.79104  4.03224     35.401  0.180 +-  0.000  0.000      1.17     -4.70
  205   4.64183  4.69639     35.335  0.259 +-  0.000  0.000    -14.11     -0.90
  206  -7.30247  2.15045     34.999  0.000 +-  0.000  0.000     35.00     35.00
  207   2.40495  2.09654     34.937  0.170 +-  0.000  0.000      2.61     -0.94
  208   6.12493  3.57135     34.433  0.130 +-  0.000  0.000      9.71     25.76
  209   5.50552  0.70132     33.463  0.229 +-  0.000  0.000    -10.28     10.58
  210   1.06647  1.52238     33.207  0.150 +-  0.000  0.000      4.68     -1.62
  211   3.09002  5.94751     32.987  0.120 +-  0.000  0.000     10.16      9.72
  212  -3.92170  2.74064     32.523  0.289 +-  0.000  0.000    -22.63    -16.02
  213  -5.68803  0.87934     32.288  0.319 +-  0.000  0.000    -28.57      3.42
  214  -4.22724  0.84777     32.179  0.160 +-  0.000  0.000      1.75      7.21
  215   3.90422  2.70800     32.173  0.279 +-  0.000  0.000    -21.08    -14.87
  216  -6.01928  1.24213     32.034  0.189 +-  0.000  0.000     -4.10     18.25
  217  -2.46447  5.48422     31.666  0.170 +-  0.000  0.000     -0.66     -3.99
  218  -6.56726  0.37728     31.521  0.000 +-  0.000  0.000     31.52     31.52
  219   7.48829  0.29295     31.352  0.000 +-  0.000  0.000     31.35     31.35
  220  -4.50258  0.44919     31.244  0.239 +-  0.000  0.000    -14.40     -3.59
  221  -1.99266  5.21206     30.823  0.199 +-  0.000  0.000     -7.21    -13.03
  222   5.50809  4.56241     30.487  0.269 +-  0.000  0.000    -20.86      3.66
  223  -4.57980  2.16241     30.391  0.219 +-  0.000  0.000    -11.45     -0.84
  224  -4.01754  5.14065     30.298  0.229 +-  0.000  0.000    -13.44     -7.41
  225   2.64855  5.81089     29.896  0.130 +-  0.000  0.000      5.17      3.19
  226   6.31465  2.74412     29.705  0.030 +-  0.000  0.000     24.00     28.02
  227   3.76522  2.31960     29.645  0.170 +-  0.000  0.000     -2.69      0.26
  228   6.99667  2.42595     29.367  0.000 +-  0.000  0.000     29.37     29.37
  229  -4.94419  0.45332     29.307  0.229 +-  0.000  0.000    -14.43      0.29
  230  -7.17250  5.34765     29.157  0.000 +-  0.000  0.000     29.16     29.16
  231  -7.07643  4.52860     29.091  0.000 +-  0.000  0.000     29.09     29.09
  232   2.47685  0.45073     29.090  0.160 +-  0.000  0.000     -1.34     -4.42
  233   6.55087  2.02257     29.002  0.000 +-  0.000  0.000     29.00     29.00
  234  -4.40001  2.79639     28.834  0.229 +-  0.000  0.000    -14.91     -5.50
  235   6.88333  5.52353     28.803  0.000 +-  0.000  0.000     28.80     28.80
  236  -3.56412  0.07334     28.653  0.170 +-  0.000  0.000     -3.68     -1.87
  237   6.19957  1.67549     28.641  0.060 +-  0.000  0.000     17.23     24.89
  238   7.45920  4.40582     28.489  0.000 +-  0.000  0.000     28.49     28.49
  239  -3.46079  3.92304     28.442  0.229 +-  0.000  0.000    -15.30    -13.62
  240   5.51154  4.99118     28.408  0.279 +-  0.000  0.000    -24.84      0.63
  241  -4.45007  5.73175     28.164  0.170 +-  0.000  0.000     -4.17      3.13
  242  -7.22602  1.61202     27.986  0.000 +-  0.000  0.000     27.99     27.99
  243  -6.09590  5.07777     27.894  0.100 +-  0.000  0.000      8.88     21.06
  244  -2.86876  1.00334     27.773  0.170 +-  0.000  0.000     -4.56     -6.21
  245  -5.80165  1.77796     27.608  0.269 +-  0.000  0.000    -23.74      4.86
  246   6.70312  0.23713     27.400  0.000 +-  0.000  0.000     27.40     27.40
  247  -4.89995  4.71337     27.245  0.269 +-  0.000  0.000    -24.10     -7.36
  248   5.83950  0.26744     27.149  0.239 +-  0.000  0.000    -18.50      7.41
  249   4.08905  1.99497     26.954  0.209 +-  0.000  0.000    -12.98     -6.92
  250  -6.46325  4.74144     26.941  0.000 +-  0.000  0.000     26.94     26.94
  251   6.23834  5.61192     26.917  0.010 +-  0.000  0.000     25.02     26.31
  252  -5.33899  4.36221     26.851  0.279 +-  0.000  0.000    -26.40     -3.31
  253  -5.70642  4.11143     26.735  0.199 +-  0.000  0.000    -11.30      8.88
  254   3.19804  1.50408     26.657  0.160 +-  0.000  0.000     -3.77     -3.88
  255  -4.49080  5.17259     26.561  0.180 +-  0.000  0.000     -7.67      0.35
  256  -4.77770  4.25431     26.445  0.219 +-  0.000  0.000    -15.40     -2.93
  257   1.66485  0.81344     26.436  0.100 +-  0.000  0.000      7.42      3.96
  258  -6.61729  5.18201     26.237  0.000 +-  0.000  0.000     26.24     26.24
  259  -3.63796  4.89400     26.042  0.140 +-  0.000  0.000     -0.58      1.24
  260   6.04642  4.13485     25.913  0.120 +-  0.000  0.000      3.09     17.38
  261  -6.07013  6.26223     25.809  0.130 +-  0.000  0.000      1.09     16.74
  262  -3.22115  0.71997     25.649  0.160 +-  0.000  0.000     -4.78     -4.78
  263  -5.81550  0.37274     25.350  0.239 +-  0.000  0.000    -20.29      5.30
  264  -6.76594  1.72345     25.342  0.000 +-  0.000  0.000     25.34     25.34
  265   7.35126  3.63297     25.328  0.000 +-  0.000  0.000     25.33     25.33
  266  -7.03019  3.45116     25.257  0.000 +-  0.000  0.000     25.26     25.26
  267  -4.35816  4.03915     25.139  0.209 +-  0.000  0.000    -14.80     -6.56
  268  -4.19957  1.40644     25.094  0.189 +-  0.000  0.000    -11.04     -4.76
  269   7.63547  5.25366     24.928  0.000 +-  0.000  0.000     24.93     24.93
  270  -5.16729  3.82435     24.778  0.209 +-  0.000  0.000    -15.16      0.44
  271   5.80135  5.61710     24.725  0.209 +-  0.000  0.000    -15.21      7.02
  272  -2.10123  3.72387     24.722  0.140 +-  0.000  0.000     -1.90     -5.70
  273  -6.06432  4.34692     24.711  0.130 +-  0.000  0.000     -0.01     15.60
  274  -8.74339  1.56828     24.645  0.000 +-  0.000  0.000     24.65     24.65
  275  -3.12204  3.60953     24.550  0.130 +-  0.000  0.000     -0.17     -0.54
  276  -5.30398  0.63125     24.399  0.209 +-  0.000  0.000    -15.54      1.42
  277  -5.53155  2.62763     23.939  0.180 +-  0.000  0.000    -10.29      6.26
  278  -2.47018  1.66161     23.728  0.100 +-  0.000  0.000      4.71      2.77
  279   5.08366  4.94921     23.497  0.110 +-  0.000  0.000      2.58     10.32
  280   6.98906  6.12075     23.487  0.000 +-  0.000  0.000     23.49     23.49
  281  -6.38957  1.52901     23.449  0.000 +-  0.000  0.000     23.45     23.45
  282  -6.24095  3.78514     23.262  0.080 +-  0.000  0.000      8.05     18.44
  283   4.78539  5.79203     23.258  0.140 +-  0.000  0.000     -3.37      4.61
  284  -2.58516  2.98611     23.009  0.130 +-  0.000  0.000     -1.72     -3.90
  285   8.64487  4.28244     22.967  0.000 +-  0.000  0.000     22.97     22.97
  286  -7.26129  1.13516     22.724  0.000 +-  0.000  0.000     22.72     22.72
  287   7.71894  4.76530     22.314  0.000 +-  0.000  0.000     22.31     22.31
  288  -7.18697  5.97374     21.939  0.000 +-  0.000  0.000     21.94     21.94
  289  -7.46090  3.06235     21.909  0.000 +-  0.000  0.000     21.91     21.91
  290   6.33746  4.51150     21.908  0.000 +-  0.000  0.000     21.91     21.91
  291   7.48900  2.58073     21.718  0.000 +-  0.000  0.000     21.72     21.72
  292  -5.28248  4.96464     21.708  0.199 +-  0.000  0.000    -16.33     -0.38
  293  -5.53157  3.65439     21.630  0.209 +-  0.000  0.000    -18.31      1.01
  294  -7.66600  6.20518     21.498  0.000 +-  0.000  0.000     21.50     21.50
  295   5.68815  6.02864     21.378  0.259 +-  0.000  0.000    -28.07     -2.07
  296  -5.44485  2.00372     21.293  0.249 +-  0.000  0.000    -26.25     -4.34
  297  -6.37677  2.07064     21.266  0.000 +-  0.000  0.000     21.27     21.27
  298   5.41138  0.16942     21.228  0.170 +-  0.000  0.000    -11.10      3.52
  299  -7.50444  4.05020     20.239  0.000 +-  0.000  0.000     20.24     20.24
  300  -3.62056  0.53698     19.848  0.140 +-  0.000  0.000     -6.78     -5.03
  301   6.79306  3.01850     19.698  0.000 +-  0.000  0.000     19.70     19.70
  302   7.11531  5.07179     19.272  0.000 +-  0.000  0.000     19.27     19.27
  303   9.44366  0.39351     18.851  0.000 +-  0.000  0.000     18.85     18.85
  304  -8.29991  4.55986     18.662  0.000 +-  0.000  0.000     18.66     18.66
  305   8.53932  3.46493     18.303  0.000 +-  0.000  0.000     18.30     18.30
  306   8.52755  2.27030     18.262  0.000 +-  0.000  0.000     18.26     18.26
  307  -4.66216  3.14976     18.083  0.130 +-  0.000  0.000     -6.64      0.08
  308   3.48826  3.01741     18.040  0.130 +-  0.000  0.000     -6.68     -5.62
  309   6.87028  1.30937     17.958  0.000 +-  0.000  0.000     17.96     17.96
  310  -7.93213  3.68645     17.931  0.000 +-  0.000  0.000     17.93     17.93
  311  -6.32250  0.85879     17.841  0.000 +-  0.000  0.000     17.84     17.84
  312  -6.73552  2.32707     17.619  0.000 +-  0.000  0.000     17.62     17.62
  313   7.72801  3.83678     17.547  0.000 +-  0.000  0.000     17.55     17.55
  314  -9.66060  2.13401     16.555  0.000 +-  0.000  0.000     16.55     16.55
  315   6.55034  3.98867     16.360  0.000 +-  0.000  0.000     16.36     16.36
  316  -8.37679  5.55049     16.047  0.000 +-  0.000  0.000     16.05     16.05
  317   5.93486  0.83584     15.964  0.150 +-  0.000  0.000    -12.56      4.39
  318  -8.06800  2.50269     15.927  0.000 +-  0.000  0.000     15.93     15.93
  319  -8.34681  4.05770     15.876  0.000 +-  0.000  0.000     15.88     15.88
  320  -8.65234  5.23770     15.712  0.000 +-  0.000  0.000     15.71     15.71
  321  -5.41945  0.16364     15.683  0.130 +-  0.000  0.000     -9.04      2.19
  322  -9.19125  1.16928     15.638  0.000 +-  0.000  0.000     15.64     15.64
  323   8.03711  2.89015     15.450  0.000 +-  0.000  0.000     15.45     15.45
  324   8.22920  5.99240     15.318  0.000 +-  0.000  0.000     15.32     15.32
  325   6.20555  3.18294     15.287  0.030 +-  0.000  0.000      9.58     13.42
  326   5.97811  4.72449     15.261  0.100 +-  0.000  0.000     -3.76      7.78
  327  -8.53896  0.59655     15.218  0.000 +-  0.000  0.000     15.22     15.22
  328   7.42547  3.14060     15.131  0.000 +-  0.000  0.000     15.13     15.13
  329  -6.84820  3.81856     15.034  0.000 +-  0.000  0.000     15.03     15.03
  330   5.86542  5.20297     14.864  0.170 +-  0.000  0.000    -17.47      1.11
  331   7.71466  1.88720     14.547  0.000 +-  0.000  0.000     14.55     14.55
  332  -7.77473  1.88922     14.521  0.000 +-  0.000  0.000     14.52     14.52
  333   9.24536  3.94618     14.474  0.000 +-  0.000  0.000     14.47     14.47
  334   8.86887  4.89511     14.398  0.000 +-  0.000  0.000     14.40     14.40
  335  -6.48536  3.42126     14.160  0.000 +-  0.000  0.000     14.16     14.16
  336  -9.58707  5.64509     14.075  0.000 +-  0.000  0.000     14.07     14.07
  337   6.99927  0.62763     13.789  0.000 +-  0.000  0.000     13.79     13.79
  338  -7.84648  1.17357     13.668  0.000 +-  0.000  0.000     13.67     13.67
  339  -8.17162  2.06026     13.652  0.000 +-  0.000  0.000     13.65     13.65
  340  -8.60909  2.75671     13.611  0.000 +-  0.000  0.000     13.61     13.61
  341   8.34606  4.97156     13.496  0.000 +-  0.000  0.000     13.50     13.50
  342   8.21377  1.53561     13.424  0.000 +-  0.000  0.000     13.42     13.42
  343   8.73561  0.17691     13.399  0.000 +-  0.000  0.000     13.40     13.40
  344   8.23062  1.01633     13.342  0.000 +-  0.000  0.000     13.34     13.34
  345   8.78370  2.82085     13.289  0.000 +-  0.000  0.000     13.29     13.29
  346  -9.69675  1.29640     13.171  0.000 +-  0.000  0.000     13.17     13.17
  347   6.88395  3.56155     13.159  0.000 +-  0.000  0.000     13.16     13.16
  348  -9.28698  5.16912     13.114  0.000 +-  0.000  0.000     13.11     13.11
  349  -9.24060  4.34924     12.637  0.000 +-  0.000  0.000     12.64     12.64
  350  -7.61517  0.81213     12.455  0.000 +-  0.000  0.000     12.45     12.45
  351   6.55388  4.93939     12.399  0.000 +-  0.000  0.000     12.40     12.40
  352 -10.59732  1.14189     12.391  0.000 +-  0.000  0.000     12.39     12.39
  353  -8.22139  5.95960     12.308  0.000 +-  0.000  0.000     12.31     12.31
  354  -6.53930  4.28104     12.293  0.000 +-  0.000  0.000     12.29     12.29
  355   9.15340  2.30810     12.157  0.000 +-  0.000  0.000     12.16     12.16
  356  -7.78829  5.19757     12.018  0.000 +-  0.000  0.000     12.02     12.02
  357  -7.56314  5.76775     11.909  0.000 +-  0.000  0.000     11.91     11.91
  358  -6.80509  1.14095     11.617  0.000 +-  0.000  0.000     11.62     11.62
  359   8.24016  5.37356     11.478  0.000 +-  0.000  0.000     11.48     11.48
  360  -7.04454  2.85244     11.188  0.000 +-  0.000  0.000     11.19     11.19
  361  -6.81997  5.73415     11.179  0.000 +-  0.000  0.000     11.18     11.18
  362  -9.29046  3.42847     11.161  0.000 +-  0.000  0.000     11.16     11.16
  363  -7.86783  3.05211     11.129  0.000 +-  0.000  0.000     11.13     11.13
  364  -8.54902  2.29356     11.007  0.000 +-  0.000  0.000     11.01     11.01
  365  -6.62989  3.04121     10.966  0.000 +-  0.000  0.000     10.97     10.97
  366  10.28193  6.23794     10.946  0.000 +-  0.000  0.000     10.95     10.95
  367 -10.13884  2.53877     10.905  0.000 +-  0.000  0.000     10.90     10.90
  368  -9.53858  6.11745     10.726  0.000 +-  0.000  0.000     10.73     10.73
  369   6.53083  6.02246     10.722  0.000 +-  0.000  0.000     10.72     10.72
  370  -7.35479  4.88951     10.495  0.000 +-  0.000  0.000     10.50     10.50
  371  11.07347  2.07009     10.406  0.000 +-  0.000  0.000     10.41     10.41
  372   9.57557  5.16280     10.324  0.000 +-  0.000  0.000     10.32     10.32
  373   9.02554  1.03136     10.246  0.000 +-  0.000  0.000     10.25     10.25
  374   6.28021  0.59176     10.246  0.000 +-  0.000  0.000     10.25     10.25
  375   9.97397  1.70401     10.222  0.000 +-  0.000  0.000     10.22     10.22
  376  10.84166  0.10625     10.195  0.000 +-  0.000  0.000     10.19     10.19
  377  10.30723  0.58716     10.056  0.000 +-  0.000  0.000     10.06     10.06
  378   9.72509  5.66969      9.965  0.000 +-  0.000  0.000      9.96      9.96
  379   7.14884  2.81387      9.902  0.000 +-  0.000  0.000      9.90      9.90
  380   8.93065  5.99623      9.764  0.000 +-  0.000  0.000      9.76      9.76
  381  -8.27830  0.95091      9.759  0.000 +-  0.000  0.000      9.76      9.76
  382  10.02887  4.77044      9.744  0.000 +-  0.000  0.000      9.74      9.74
  383  -9.04133  2.95174      9.724  0.000 +-  0.000  0.000      9.72      9.72
  384  -7.40280  2.63047      9.478  0.000 +-  0.000  0.000      9.48      9.48
  385  -9.33751  0.72360      9.442  0.000 +-  0.000  0.000      9.44      9.44
  386   8.94576  3.26855      9.436  0.000 +-  0.000  0.000      9.44      9.44
  387  -7.49322  3.46763      9.322  0.000 +-  0.000  0.000      9.32      9.32
  388  -9.69436  3.24019      9.185  0.000 +-  0.000  0.000      9.19      9.19
  389  -8.68299  3.66282      9.143  0.000 +-  0.000  0.000      9.14      9.14
  390  -8.85601  6.27883      8.946  0.000 +-  0.000  0.000      8.95      8.95
  391  -8.89377  0.40969      8.887  0.000 +-  0.000  0.000      8.89      8.89
  392 -10.98332  6.22603      8.755  0.000 +-  0.000  0.000      8.76      8.76
  393 -10.67407  4.86015      8.704  0.000 +-  0.000  0.000      8.70      8.70
  394   6.14812  6.21722      8.679  0.010 +-  0.000  0.000      6.78      8.02
  395  -7.81732  4.48074      8.566  0.000 +-  0.000  0.000      8.57      8.57
  396  10.62528  3.06979      8.545  0.000 +-  0.000  0.000      8.54      8.54
  397 -10.14362  0.26178      8.401  0.000 +-  0.000  0.000      8.40      8.40
  398  -9.89336  3.95013      8.100  0.000 +-  0.000  0.000      8.10      8.10
  399 -10.21340  3.30943      8.038  0.000 +-  0.000  0.000      8.04      8.04
  400  -8.65545  5.92313      7.942  0.000 +-  0.000  0.000      7.94      7.94
  401 -10.91192  4.13714      7.926  0.000 +-  0.000  0.000      7.93      7.93
  402 -11.15291  0.67925      7.883  0.000 +-  0.000  0.000      7.88      7.88
  403 -10.20649  1.62769      7.711  0.000 +-  0.000  0.000      7.71      7.71
  404  -8.31790  0.11260      7.699  0.000 +-  0.000  0.000      7.70      7.70
  405  10.25817  2.77442      7.489  0.000 +-  0.000  0.000      7.49      7.49
  406  11.59883  1.06864      7.387  0.000 +-  0.000  0.000      7.39      7.39
  407   7.86328  3.34428      7.225  0.000 +-  0.000  0.000      7.23      7.23
  408 -10.71758  5.92010      7.174  0.000 +-  0.000  0.000      7.17      7.17
  409   9.82763  1.03169      7.038  0.000 +-  0.000  0.000      7.04      7.04
  410   8.78352  5.45577      6.782  0.000 +-  0.000  0.000      6.78      6.78
  411  -7.97259  0.44567      6.766  0.000 +-  0.000  0.000      6.77      6.77
  412   8.13959  2.12003      6.706  0.000 +-  0.000  0.000      6.71      6.71
  413   9.37678  1.52457      6.655  0.000 +-  0.000  0.000      6.66      6.66
  414  -9.85557  0.71707      6.542  0.000 +-  0.000  0.000      6.54      6.54
  415   9.39476  4.52564      6.537  0.000 +-  0.000  0.000      6.54      6.54
  416  12.68566  1.58549      6.480  0.000 +-  0.000  0.000      6.48      6.48
  417   9.60941  2.58875      6.340  0.000 +-  0.000  0.000      6.34      6.34
  418   9.77987  0.05329      6.282  0.000 +-  0.000  0.000      6.28      6.28
  419  11.85414  5.38380      6.206  0.000 +-  0.000  0.000      6.21      6.21
  420  -9.59490  4.73613      6.184  0.000 +-  0.000  0.000      6.18      6.18
  421 -12.42637  3.25051      6.175  0.000 +-  0.000  0.000      6.18      6.18
  422  -9.48099  2.67687      6.136  0.000 +-  0.000  0.000      6.14      6.14
  423  11.16893  5.57819      5.873  0.000 +-  0.000  0.000      5.87      5.87
  424  10.00768  2.26245      5.699  0.000 +-  0.000  0.000      5.70      5.70
  425  -8.48280  3.18950      5.577  0.000 +-  0.000  0.000      5.58      5.58
  426 -10.05819  4.62315      5.459  0.000 +-  0.000  0.000      5.46      5.46
  427 -12.99768  5.24131      5.423  0.000 +-  0.000  0.000      5.42      5.42
  428   9.98745  4.24898      5.382  0.000 +-  0.000  0.000      5.38      5.38
  429 -11.08051  1.11142      5.154  0.000 +-  0.000  0.000      5.15      5.15
  430  12.34531  2.99977      5.121  0.000 +-  0.000  0.000      5.12      5.12
  431 -12.16763  5.26406      5.119  0.000 +-  0.000  0.000      5.12      5.12
  432   8.71341  1.41524      5.016  0.000 +-  0.000  0.000      5.02      5.02
  433  12.24569  2.55127      5.015  0.000 +-  0.000  0.000      5.02      5.02
  434  13.81605  3.43953      5.007  0.000 +-  0.000  0.000      5.01      5.01
  435   9.34534  5.86973      4.977  0.000 +-  0.000  0.000      4.98      4.98
  436  10.75070  3.45382      4.934  0.000 +-  0.000  0.000      4.93      4.93
  437  14.03316  2.36021      4.804  0.000 +-  0.000  0.000      4.80      4.80
  438 -12.25747  2.66141      4.801  0.000 +-  0.000  0.000      4.80      4.80
  439  10.61009  4.35525      4.666  0.000 +-  0.000  0.000      4.67      4.67
  440  10.45881  1.96695      4.602  0.000 +-  0.000  0.000      4.60      4.60
  441   8.25265  0.41163      4.529  0.000 +-  0.000  0.000      4.53      4.53
  442 -13.88348  0.76304      4.513  0.000 +-  0.000  0.000      4.51      4.51
  443  11.29087  2.94800      4.464  0.000 +-  0.000  0.000      4.46      4.46
  444   9.63029  3.63079      4.441  0.000 +-  0.000  0.000      4.44      4.44
  445 -10.21146  5.39819      4.410  0.000 +-  0.000  0.000      4.41      4.41
  446  11.79920  2.24313      4.406  0.000 +-  0.000  0.000      4.41      4.41
  447  -9.16320  1.99745      4.380  0.000 +-  0.000  0.000      4.38      4.38
  448 -12.87086  2.54778      4.351  0.000 +-  0.000  0.000      4.35      4.35
  449 -10.63092  0.55268      4.334  0.000 +-  0.000  0.000      4.33      4.33
  450  12.17177  1.31506      4.253  0.000 +-  0.000  0.000      4.25      4.25
  451  11.62032  1.71440      4.227  0.000 +-  0.000  0.000      4.23      4.23
  452 -12.56921  4.18933      4.222  0.000 +-  0.000  0.000      4.22      4.22
  453  11.60794  6.08985      4.166  0.000 +-  0.000  0.000      4.17      4.17
  454  -8.92966  2.45706      4.148  0.000 +-  0.000  0.000      4.15      4.15
  455   8.72741  1.87730      4.125  0.000 +-  0.000  0.000      4.12      4.12
  456  11.48397  3.59176      4.049  0.000 +-  0.000  0.000      4.05      4.05
  457 -12.48584  6.01189      3.994  0.000 +-  0.000  0.000      3.99      3.99
  458 -11.93827  5.78070      3.966  0.000 +-  0.000  0.000      3.97      3.97
  459 -10.96462  2.33921      3.926  0.000 +-  0.000  0.000      3.93      3.93
  460 -11.82346  3.60922      3.892  0.000 +-  0.000  0.000      3.89      3.89
  461 -11.42340  6.07326      3.888  0.000 +-  0.000  0.000      3.89      3.89
  462   8.68662  0.65997      3.886  0.000 +-  0.000  0.000      3.89      3.89
  463  12.92664  3.83417      3.720  0.000 +-  0.000  0.000      3.72      3.72
  464  10.60037  0.92561      3.680  0.000 +-  0.000  0.000      3.68      3.68
  465 -11.18262  5.59346      3.646  0.000 +-  0.000  0.000      3.65      3.65
  466 -13.27919  0.38388      3.614  0.000 +-  0.000  0.000      3.61      3.61
  467 -10.63489  2.06460      3.581  0.000 +-  0.000  0.000      3.58      3.58
  468 -12.15614  0.19728      3.535  0.000 +-  0.000  0.000      3.54      3.54
  469  10.68051  2.34224      3.500  0.000 +-  0.000  0.000      3.50      3.50
  470  10.60073  5.80130      3.482  0.000 +-  0.000  0.000      3.48      3.48
  471 -12.20902  4.74327      3.438  0.000 +-  0.000  0.000      3.44      3.44
  472 -10.75414  2.79043      3.398  0.000 +-  0.000  0.000      3.40      3.40
  473 -11.21971  4.86759      3.352  0.000 +-  0.000  0.000      3.35      3.35
  474 -11.68830  0.12220      3.261  0.000 +-  0.000  0.000      3.26      3.26
  475  11.46417  4.00493      3.251  0.000 +-  0.000  0.000      3.25      3.25
  476   9.55887  1.99008      3.220  0.000 +-  0.000  0.000      3.22      3.22
  477  10.60207  5.26435      3.131  0.000 +-  0.000  0.000      3.13      3.13
  478 -11.40367  3.99298      3.105  0.000 +-  0.000  0.000      3.11      3.11
  479  13.77140  3.96691      3.093  0.000 +-  0.000  0.000      3.09      3.09
  480  11.45174  4.97588      3.071  0.000 +-  0.000  0.000      3.07      3.07
  481   9.80650  3.22260      3.053  0.000 +-  0.000  0.000      3.05      3.05
  482  11.20004  1.18861      3.043  0.000 +-  0.000  0.000      3.04      3.04
  483  13.38510  4.84270      3.038  0.000 +-  0.000  0.000      3.04      3.04
  484  11.10140  0.70494      2.930  0.000 +-  0.000  0.000      2.93      2.93
  485 -11.68164  2.92233      2.904  0.000 +-  0.000  0.000      2.90      2.90
  486  12.07714  6.04378      2.780  0.000 +-  0.000  0.000      2.78      2.78
  487  15.84590  4.11151      2.778  0.000 +-  0.000  0.000      2.78      2.78
  488 -12.87254  6.24117      2.763  0.000 +-  0.000  0.000      2.76      2.76
  489 -11.74089  5.02464      2.754  0.000 +-  0.000  0.000      2.75      2.75
  490 -11.22015  3.46725      2.737  0.000 +-  0.000  0.000      2.74      2.74
  491  13.02012  0.88259      2.703  0.000 +-  0.000  0.000      2.70      2.70
  492 -11.68375  4.57576      2.601  0.000 +-  0.000  0.000      2.60      2.60
  493  11.69548  2.73771      2.541  0.000 +-  0.000  0.000      2.54      2.54
  494 -11.68719  1.57946      2.483  0.000 +-  0.000  0.000      2.48      2.48
  495 -13.22068  5.78714      2.477  0.000 +-  0.000  0.000      2.48      2.48
  496  13.95246  1.08125      2.442  0.000 +-  0.000  0.000      2.44      2.44
  497 -11.94436  3.99264      2.403  0.000 +-  0.000  0.000      2.40      2.40
  498  10.37739  3.92492      2.355  0.000 +-  0.000  0.000      2.35      2.35
  499  12.69580  3.28249      2.343  0.000 +-  0.000  0.000      2.34      2.34
  500  12.02465  3.58053      2.301  0.000 +-  0.000  0.000      2.30      2.30
  501  12.76688  2.20814      2.300  0.000 +-  0.000  0.000      2.30      2.30
  502 -13.63783  2.54070      2.260  0.000 +-  0.000  0.000      2.26      2.26
  503  13.21364  3.23699      2.259  0.000 +-  0.000  0.000      2.26      2.26
  504  10.19968  5.52221      2.229  0.000 +-  0.000  0.000      2.23      2.23
  505 -12.25099  1.59269      2.208  0.000 +-  0.000  0.000      2.21      2.21
  506  14.23572  5.78673      2.188  0.000 +-  0.000  0.000      2.19      2.19
  507 -10.77766  5.51254      2.175  0.000 +-  0.000  0.000      2.18      2.18
  508 -13.80156  4.03033      2.085  0.000 +-  0.000  0.000      2.08      2.08
  509 -10.48619  3.61507      2.082  0.000 +-  0.000  0.000      2.08      2.08
  510 -14.96983  4.43693      2.032  0.000 +-  0.000  0.000      2.03      2.03
  511 -14.17989  1.13680      2.025  0.000 +-  0.000  0.000      2.02      2.02
  512 -11.24162  2.96750      1.978  0.000 +-  0.000  0.000      1.98      1.98
  513  12.94103  5.04278      1.959  0.000 +-  0.000  0.000      1.96      1.96
  514 -14.45670  5.82811      1.953  0.000 +-  0.000  0.000      1.95      1.95
  515  13.61081  4.36455      1.918  0.000 +-  0.000  0.000      1.92      1.92
  516  11.05619  3.76067      1.916  0.000 +-  0.000  0.000      1.92      1.92
  517 -11.12848  1.74395      1.901  0.000 +-  0.000  0.000      1.90      1.90
  518  13.18874  1.39048      1.871  0.000 +-  0.000  0.000      1.87      1.87
  519  13.46543  5.56635      1.836  0.000 +-  0.000  0.000      1.84      1.84
  520 -13.35300  2.09803      1.833  0.000 +-  0.000  0.000      1.83      1.83
  521  14.63519  2.94534      1.783  0.000 +-  0.000  0.000      1.78      1.78
  522  14.56480  4.09199      1.767  0.000 +-  0.000  0.000      1.77      1.77
  523 -14.68855  0.37539      1.739  0.000 +-  0.000  0.000      1.74      1.74
  524 -14.29136  3.31093      1.730  0.000 +-  0.000  0.000      1.73      1.73
  525  14.36773  0.39343      1.689  0.000 +-  0.000  0.000      1.69      1.69
  526  10.80295  4.87669      1.651  0.000 +-  0.000  0.000      1.65      1.65
  527  13.40360  2.72463      1.622  0.000 +-  0.000  0.000      1.62      1.62
  528 -18.81443  5.88782      1.618  0.000 +-  0.000  0.000      1.62      1.62
  529 -11.46103  2.33713      1.609  0.000 +-  0.000  0.000      1.61      1.61
  530 -14.78200  6.22386      1.606  0.000 +-  0.000  0.000      1.61      1.61
  531 -11.60558  0.80165      1.566  0.000 +-  0.000  0.000      1.57      1.57
  532 -12.23795  2.22517      1.534  0.000 +-  0.000  0.000      1.53      1.53
  533  15.63915  5.92301      1.526  0.000 +-  0.000  0.000      1.53      1.53
  534 -10.07454  5.94097      1.520  0.000 +-  0.000  0.000      1.52      1.52
  535 -13.30233  3.26359      1.470  0.000 +-  0.000  0.000      1.47      1.47
  536 -15.77510  4.62698      1.443  0.000 +-  0.000  0.000      1.44      1.44
  537  11.89860  4.08361      1.439  0.000 +-  0.000  0.000      1.44      1.44
  538  15.45133  3.12692      1.436  0.000 +-  0.000  0.000      1.44      1.44
  539  10.82526  1.55209      1.425  0.000 +-  0.000  0.000      1.43      1.43
  540  15.37437  0.88412      1.411  0.000 +-  0.000  0.000      1.41      1.41
  541  15.68551  1.42311      1.397  0.000 +-  0.000  0.000      1.40      1.40
  542 -10.35394  4.09763      1.392  0.000 +-  0.000  0.000      1.39      1.39
  543 -14.73970  1.76920      1.385  0.000 +-  0.000  0.000      1.39      1.39
  544  11.61433  0.59401      1.385  0.000 +-  0.000  0.000      1.39      1.39
  545 -12.80244  3.08317      1.318  0.000 +-  0.000  0.000      1.32      1.32
  546  14.08974  4.68033      1.316  0.000 +-  0.000  0.000      1.32      1.32
  547  15.31624  0.12860      1.313  0.000 +-  0.000  0.000      1.31      1.31
  548 -12.00369  0.60586      1.303  0.000 +-  0.000  0.000      1.30      1.30
  549  12.89403  2.62359      1.301  0.000 +-  0.000  0.000      1.30      1.30
  550  13.76643  0.54733      1.246  0.000 +-  0.000  0.000      1.25      1.25
  551 -13.15096  1.49916      1.227  0.000 +-  0.000  0.000      1.23      1.23
  552 -14.27156  4.70819      1.224  0.000 +-  0.000  0.000      1.22      1.22
  553 -13.77893  3.12290      1.209  0.000 +-  0.000  0.000      1.21      1.21
  554 -11.55397  5.41772      1.205  0.000 +-  0.000  0.000      1.21      1.21
  555 -18.75289  3.52909      1.196  0.000 +-  0.000  0.000      1.20      1.20
  556  14.91040  3.78535      1.182  0.000 +-  0.000  0.000      1.18      1.18
  557 -14.75470  2.47221      1.150  0.000 +-  0.000  0.000      1.15      1.15
  558  11.76670  4.68965      1.149  0.000 +-  0.000  0.000      1.15      1.15
  559  14.39722  2.18096      1.115  0.000 +-  0.000  0.000      1.12      1.12
  560 -12.34238  0.82904      1.095  0.000 +-  0.000  0.000      1.09      1.09
  561 -12.78911  0.84292      1.066  0.000 +-  0.000  0.000      1.07      1.07
  562  14.68175  2.48599      1.032  0.000 +-  0.000  0.000      1.03      1.03
  563 -13.28785  3.66852      1.015  0.000 +-  0.000  0.000      1.02      1.02
